ISS (ZARYA)
1 25544U 98067A   26241.65974551  .00005709  00000+0  11198-3 0  9990
2 25544  51.6318 296.4399 0004994  88.0334 272.1226 15.48929126583140
POISK
1 36086U 09060A   26241.65974551  .00005709  00000+0  11198-3 0  9998
2 36086  51.6318 296.4399 0004994  88.0334 272.1226 15.48929126583839
CSS (TIANHE)
1 48274U 21035A   26241.44818444  .00019640  00000+0  24525-3 0  9998
2 48274  41.4674 237.2746 0001864 254.4037 105.6596 15.59384972304606
ISS (NAUKA)
1 49044U 21066A   26241.65974551  .00005709  00000+0  11198-3 0  9996
2 49044  51.6318 296.4399 0004994  88.0334 272.1226 15.48929126583871
FREGAT DEB
1 49271U 11037PF  26241.87262238  .00017103  00000+0  25352-1 0  9997
2 49271  51.6377 140.0886 0930713  85.4021 285.2392 12.43911635234212
CSS (WENTIAN)
1 53239U 22085A   26241.44818444  .00019640  00000+0  24525-3 0  9991
2 53239  41.4674 237.2746 0001864 254.4037 105.6596 15.59384972288233
CSS (MENGTIAN)
1 54216U 22143A   26241.44818444  .00019640  00000+0  24525-3 0  9992
2 54216  41.4674 237.2746 0001864 254.4037 105.6596 15.59384972305105
HRC MONOBLOCK CAMERA
1 66052U 98067XR  26241.30279355  .00218726  00000+0  75634-3 0  9991
2 66052  51.6160 260.0598 0006590  41.6516 318.4990 15.88332738 49569
SZ-21 MODULE
1 66515U 25246C   26241.61396612  .00068259  00000+0  30350-3 0  9994
2 66515  41.4703 207.7712 0009926 193.6205 166.4375 15.83290702 45358
DUPLEX
1 66906U 98067XS  26241.47293902  .00051750  00000+0  45736-3 0  9993
2 66906  51.6244 277.8926 0004259  69.3643 290.7810 15.68123396 42134
KNACKSAT-2
1 67683U 98067XZ  26241.54296551  .00065964  00000+0  60876-3 0  9991
2 67683  51.6254 283.6373 0007556  96.6148 263.5708 15.66932681 31758
GXIBA-1
1 67685U 98067YB  26241.49909986  .00087753  00000+0  70463-3 0  9993
2 67685  51.6230 281.8205 0008320  87.1520 273.0429 15.70202957 31776
UITMSAT-2
1 67686U 98067YC  26241.32635248  .00204621  00000+0  11254-2 0  9990
2 67686  51.6225 278.3777 0008338  53.6557 306.5212 15.78541548 31809
LEOPARD
1 67687U 98067YD  26241.29532595  .00127537  00000+0  10168-2 0  9991
2 67687  51.6255 283.4934 0008295  57.6706 302.5094 15.70209292 31653
HMU-SAT2
1 67688U 98067YE  26241.50177169  .00119919  00000+0  80566-3 0  9993
2 67688  51.6242 279.5871 0007886  57.7199 302.4563 15.74280678 31727
CREW DRAGON 12
1 67796U 26031A   26241.65974551  .00005709  00000+0  11198-3 0  9997
2 67796  51.6318 296.4399 0004994  88.0334 272.1226 15.48929126583910
PROGRESS-MS 33
1 68319U 26058A   26241.65974551  .00005709  00000+0  11198-3 0  9998
2 68319  51.6318 296.4399 0004994  88.0334 272.1226 15.48929126583990
CYGNUS NG-24
1 68689U 26079A   26241.53070935  .00006055  00000+0  11827-3 0  9995
2 68689  51.6318 297.0786 0005001  87.3553 272.8007 15.48928101584012
PROGRESS-MS 34
1 68837U 26093A   26241.53070935  .00006055  00000+0  11827-3 0  9996
2 68837  51.6318 297.0786 0005001  87.3553 272.8007 15.48928101584051
TIANZHOU-10
1 69049U 26102A   26241.44818444  .00019640  00000+0  24525-3 0  9991
2 69049  41.4674 237.2746 0001864 254.4037 105.6596 15.59384972305060
SHENZHOU-23 (SZ-23)
1 69180U 26113A   26241.44818444  .00019640  00000+0  24525-3 0  9999
2 69180  41.4674 237.2746 0001864 254.4037 105.6596 15.59384972304920
UNKNOWN
1 81011U          26241.80140544  .00002176  00000+0  11903-2 0  9993
2 81011  99.3617 266.3205 0134403 149.5407 211.3656 14.08572437 20116
UNKNOWN
1 81015U          26241.55247535  .00001864  00000+0  10252-2 0  9996
2 81015  99.3632 266.0532 0134488 150.1758   1.6273 14.08480225 19236
UNKNOWN
1 81021U          26241.21885256  .00001443  00000+0  52585-3 0  9993
2 81021  74.0385 201.5749 0027130 225.4131 134.4807 14.33818427 23137
UNKNOWN
1 81036U          26240.08234644  .00005606  00000+0  12426-1 0  9995
2 81036  66.0941 143.3986 2581828 101.5981 288.3136  9.33494117 45820
UNKNOWN
1 81052U          26240.98357167  .00003655  00000+0  98909-3 0  9992
2 81052  65.7670  92.8375 0549099 182.4189 177.4211 13.85475154636205
UNKNOWN
1 81069U          26225.53877103  .00001780  00000+0  23404-2 0  9995
2 81069 100.3796 146.7697 0062105 160.2851 200.0708 13.62085856549109
UNKNOWN
1 81102U          26230.91961441  .00067901  00000+0  14501-2 0  9995
2 81102  52.0261 105.4491 3267526 121.7936 274.2751  8.91624791   605
UNKNOWN
1 81103U          26224.07858613  .00007480  00000+0  19236-3 0  9999
2 81103  52.0351 117.0407 3262493 113.2956 284.1651  8.91143370    11
UNKNOWN
1 81104U          26224.41505491  .00008062  00000+0  21223-3 0  9997
2 81104  52.0097 116.4959 3261197 113.8533 283.5266  8.91157749    11
UNKNOWN
1 81111U          26241.12181192  .00025961  00000+0  44778-2 0  9996
2 81111  62.8660 133.2250 3828948   7.8457 356.7950  7.63789727291644
UNKNOWN
1 81123U          26238.49407527  .00000821  00000+0  80834-3 0  9990
2 81123  99.9689 339.4705 0004465 130.2635 229.8907 13.82154954641748
UNKNOWN
1 81219U          26241.56309775  .00000468  00000+0  42071-3 0  9992
2 81219  82.9287 170.9396 0019545 198.6338 161.4108 13.82032983643403
UNKNOWN
1 81228U          26239.91991278  .00004259  00000+0  12423-2 0  9992
2 81228  70.5189  55.8298 0057931 333.3732  26.4429 14.43728369663323
UNKNOWN
1 81254U          26232.21505000  .00004118  00000+0  26020-2 0  9993
2 81254 100.3808 333.9199 0074846 129.4173 231.3646 14.03384951648006
UNKNOWN
1 81279U          26241.38250578  .00000688  00000+0  27513-3 0  9992
2 81279  98.0983 284.5973 0205445 343.8579  15.6118 14.20516504499454
UNKNOWN
1 81301U          26237.21408322  .00000138  00000+0  21006-3 0  9998
2 81301  66.7586  45.6225 0083212  56.3293 117.7000 13.76850451641525
UNKNOWN
1 81311U          26241.45823126  .00000430  00000+0  96721-4 0  9995
2 81311  98.7022 315.5358 0131386  50.6583  14.1813 14.56883453677402
UNKNOWN
1 81317U          26241.64910803  .00000195  00000+0  42815-3 0  9993
2 81317  67.1385 324.2482 0217190 215.2154 295.3900 13.38120296623405
UNKNOWN
1 81323U          26237.15695607  .00019761  00000+0  24369-2 0  9995
2 81323  65.7490  29.5573 0314285 178.7962 181.3973 14.53677435150119
UNKNOWN
1 81329U          26232.40074147  .00001066  00000+0  38338-3 0  9995
2 81329  65.8181 276.0898 0840945 276.9321  73.6873 13.23125944611235
UNKNOWN
1 81343U          26240.24674557  .00005344  00000+0  35546-3 0  9994
2 81343  85.8685  60.7445 0005371  72.0306 288.1514 15.06937826493216
UNKNOWN
1 81359U          26235.80465357  .00000598  00000+0  62598-3 0  9996
2 81359  66.7973 163.6826 0111384 155.6156 205.0245 13.79213490640518
UNKNOWN
1 81366U          26240.23548830  .00001153  00000+0  40724-3 0  9990
2 81366  65.8818 179.8708 0723310 316.7124  37.9198 13.45725595100736
UNKNOWN
1 81371U          26240.80345036  .00002445  00000+0  38467-3 0  9998
2 81371  98.8298   3.5779 0066580 276.2792  83.0832 14.72137758679930
UNKNOWN
1 81386U          26227.59888460  .00003234  00000+0  10242-2 0  9995
2 81386  71.0471 181.9381 0084824  53.7957 307.0983 14.38784227659579
UNKNOWN
1 81390U          26235.96269246  .00000192  00000+0  18145-2 0  9995
2 81390 103.0962 146.5328 0178324  58.1199 303.7074 12.35630227531498
UNKNOWN
1 81392U          26237.01003596  .00002148  00000+0  19938-2 0  9993
2 81392 100.4051 256.5160 0042577 101.1276 289.2858 13.83170506637455
UNKNOWN
1 81405U          26224.90926923  .00000653  00000+0  51864-3 0  9994
2 81405  99.4501 281.8393 0157318 292.9766  65.4861 13.89528582595569
UNKNOWN
1 81427U          26239.61368223  .00000658  00000+0  40328-3 0  9993
2 81427  98.7195 118.1577 0085546  31.9968 328.6356 14.07326841588030
UNKNOWN
1 81438U          26238.62898734  .00002212  00000+0  32137-2 0  9996
2 81438 100.3438 127.1082 0042232 160.4171 199.8598 13.55977725626744
UNKNOWN
1 81439U          26241.60727897 -.00000283  00000+0 -64711-3 0  9992
2 81439  67.1627 359.3396 0594934  42.6179 321.9442 12.62735128294701
UNKNOWN
1 81478U          26239.59038487  .00003862  00000+0  13515-2 0  9999
2 81478  98.9469 163.5136 0143315 330.0417 154.7066 14.30156150659774
UNKNOWN
1 81488U          26240.48447082  .00000410  00000+0  63974-3 0  9996
2 81488  99.9672 121.6113 0045271  76.2034  47.2501 13.56700685631717
UNKNOWN
1 81497U          26237.03993352  .00002561  00000+0  22682-2 0  9998
2 81497 100.2937 161.3871 0029347  74.8748 298.2831 13.85865028251640
UNKNOWN
1 81499U          26241.57500459  .00001565  00000+0  42543-3 0  9998
2 81499  74.0466  95.2098 0001894 160.7544 199.3688 14.48367725520022
UNKNOWN
1 81535U          26239.62427955  .00001014  00000+0  42541-3 0  9998
2 81535  98.1799 305.5264 0235249 121.7054 240.7289 14.13952608423838
UNKNOWN
1 81536U          26241.49202728  .00000525  00000+0  34592-2 0  9998
2 81536 101.9672 110.8016 0017643 118.8243   0.6131 12.56167198584426
UNKNOWN
1 81537U          26237.58740805  .00000107  00000+0  88691-4 0  9994
2 81537  71.0397 299.8587 0075212 127.5884 233.2096 14.07244515656457
UNKNOWN
1 81552U          26237.67721150  .00000647  00000+0  14570-2 0  9995
2 81552  99.0586 134.2166 0257147 123.5688 239.0268 13.18585941612972
UNKNOWN
1 81599U          26241.21321854  .00000218  00000+0  49078-3 0  9994
2 81599  67.2930  79.5215 0251622 257.7999 212.2723 13.31691988619628
UNKNOWN
1 81605U          26222.09093208  .00000282  00000+0  16066-2 0  9997
2 81605  56.4357 252.6687 0120124 117.1947 244.1281 12.81692799217015
UNKNOWN
1 81614U          26241.44780890  .00005462  00000+0  29925-1 0  9999
2 81614 101.8424 235.1805 0431142  24.6949 337.4109 12.39798411570133
UNKNOWN
1 81615U          26241.08500288  .00003557  00000+0  12416-2 0  9992
2 81615  65.8272 177.2648 0771186  15.2019 347.0842 13.35105400617471
UNKNOWN
1 81617U          26239.92597374  .00000312  00000+0  20993-2 0  9991
2 81617 101.2843  48.3763 0034711  87.8806 272.6245 12.57722796585563
UNKNOWN
1 81624U          26235.56536680  .00006073  00000+0  91383-3 0  9990
2 81624  66.9733 183.7174 0059170  15.8270 344.4684 14.73933168677089
UNKNOWN
1 81640U          26239.49077057  .00000126  00000+0  16452-3 0  9999
2 81640  65.8271 324.8585 0987775 332.8428  22.4011 12.57376268542488
UNKNOWN
1 81652U          26241.06624050  .00000650  00000+0  81600-3 0  9998
2 81652 102.1439 188.3495 0362450 139.1095 285.1840 13.44676569613504
UNKNOWN
1 81667U          26239.51247319  .00001513  00000+0  40388-3 0  9997
2 81667  74.0375 273.6243 0012879 148.0989 212.0953 14.49206110493971
UNKNOWN
1 81674U          26238.31914764  .00000710  00000+0  44287-3 0  9997
2 81674  66.8208  77.8679 0021875  27.2081 147.3494 14.10452408649892
UNKNOWN
1 81683U          26241.65688146  .00003344  00000+0  70701-3 0  9996
2 81683  81.2127  20.8616 0024098 218.7126 141.2345 14.58977907673746
UNKNOWN
1 81693U          26235.37199886  .00000298  00000+0  24024-2 0  9998
2 81693 101.1206 274.3301 0372464 325.3086  32.4186 12.26233479998855
UNKNOWN
1 81745U          26237.52188742  .00001806  00000+0  57165-3 0  9993
2 81745  70.9992 187.0693 0005207 196.1332 163.9640 14.41460377666594
UNKNOWN
1 81749U          26237.23992196  .00000121  00000+0  53535-3 0  9997
2 81749  99.6676 235.4067 0369843  11.1470  51.6542 12.77682883594630
UNKNOWN
1 81775U          26238.78749880  .00005052  00000+0  14737-2 0  9995
2 81775  82.9189  10.6169 0018679 161.6130 198.5744 14.43885184662333
UNKNOWN
1 81792U          26240.42052216  .00000767  00000+0  30714-3 0  9990
2 81792  65.7924 233.9835 0885897 168.1122 194.2423 13.11587214113958
UNKNOWN
1 81812U          26241.59466189  .00005479  00000+0  37671-1 0  9992
2 81812 103.7181 191.4545 0247071 144.1513 217.6405 12.39128030572730
UNKNOWN
1 81816U          26241.65758009  .00000392  00000+0  34204-3 0  9998
2 81816  66.2388   7.7586 0166387  95.7946 266.2123 13.90104405645467
UNKNOWN
1 81819U          26237.23953409  .00000317  00000+0  24533-2 0  9991
2 81819 102.1784 343.0861 0032438 357.8068   2.2852 12.47999713579882
UNKNOWN
1 81824U          26241.68219384  .00004798  00000+0  16027-2 0  9994
2 81824  65.8442 346.0058 0044742 212.1323 147.7044 14.37751184661938
UNKNOWN
1 81838U          26233.25799282  .00004279  00000+0  90409-3 0  9994
2 81838  67.7596 327.0424 0036061 131.1490 261.2159 14.59807744670016
UNKNOWN
1 81844U          26236.51767556  .00003937  00000+0  13296-2 0  9990
2 81844  82.9063  73.2993 0059375  89.3638 271.4355 14.35745081659414
UNKNOWN
1 81845U          26241.29918039  .00002506  00000+0  27130-3 0  9990
2 81845  97.6799  64.2817 0085902 169.0327   5.8874 14.86448201688063
UNKNOWN
1 81864U          26239.46416588  .00000453  00000+0  19656-3 0  9992
2 81864  65.6706 183.8925 0772419 262.5503  88.7214 13.33071108585182
UNKNOWN
1 81865U          26241.59507238  .00001048  00000+0  84544-3 0  9992
2 81865  82.8063 187.9436 0062432 346.9187 136.2720 13.88643007644601
UNKNOWN
1 81893U          26240.24546712  .00000684  00000+0  73948-3 0  9995
2 81893 100.0632 243.2014 0020724 328.9857  31.0066 13.77211915639658
UNKNOWN
1 81899U          26238.22733697  .00001027  00000+0  24552-2 0  9994
2 81899 102.4119  31.4124 0173960  31.8235 329.3247 13.21033421612849
UNKNOWN
1 81921U          26240.26003721  .00002736  00000+0  10763-2 0  9992
2 81921  65.7048 185.8954 0850954   3.0137 357.5577 13.15905932 59795
UNKNOWN
1 81946U          26239.77643845  .00000391  00000+0  14244-2 0  9993
2 81946  66.4200  16.1284 0679758 227.4324 205.2145 12.42716869579945
UNKNOWN
1 81947U          26240.17484035  .00006394  00000+0  57158-3 0  9995
2 81947  66.0749 165.5448 0374987 340.8512  17.8803 14.55394620668597
UNKNOWN
1 81964U          26240.54097545  .00000144  00000+0  16202-3 0  9993
2 81964  66.5868 335.9629 0043633 273.8190  85.7901 13.95942415650166
UNKNOWN
1 81969U          26239.45691069  .00010930  00000+0  56269-3 0  9998
2 81969  86.6808  40.9425 0002334 328.5236  31.5865 15.16299915479169
UNKNOWN
1 81995U          26237.26016168  .00001888  00000+0  38249-3 0  9995
2 81995  65.7415 173.9013 0499731 170.6902 190.3886 14.06478759640134
UNKNOWN
1 82043U          26239.81459893  .00000905  00000+0  25521-3 0  9997
2 82043  97.9626  12.6116 0228178  27.0361 334.2498 14.33808758610818
UNKNOWN
1 82051U          26241.54152048  .00004706  00000+0  14841-2 0  9996
2 82051  98.7421 336.3469 0089181 209.2940 150.3230 14.38523495609739
UNKNOWN
1 82073U          26241.42001719  .00001694  00000+0  43151-3 0  9995
2 82073  97.7258 297.6768 0203504 213.4905 145.3281 14.40110777612480
UNKNOWN
1 82139U          26241.65833937  .00001584  00000+0  79103-3 0  9992
2 82139  99.0081 317.6344 0080972  26.5307 333.9977 14.16621736516908
UNKNOWN
1 82162U          26241.56562864  .00002877  00000+0  41762-2 0  9991
2 82162 100.4532 186.1490 0058780 327.4810  32.2709 13.55392544539481
UNKNOWN
1 82180U          26240.48386232  .00007281  00000+0  93913-3 0  9994
2 82180  65.6508 271.8342 0271807  80.2597 282.9087 14.58979292639408
UNKNOWN
1 82189U          26231.93838602  .00000152  00000+0  61922-4 0  9992
2 82189  74.0356 309.4934 0015354  78.5335 281.7541 14.35364256668317
UNKNOWN
1 82199U          26241.71915456  .00000396  00000+0  32874-3 0  9996
2 82199  82.9656  38.3779 0037074  19.4842 353.4024 13.86033635645704
UNKNOWN
1 82205U          26238.68290652  .00003099  00000+0  81669-3 0  9999
2 82205  63.0036 234.9078 0506194 319.1126  37.2958 13.94567971643827
UNKNOWN
1 82223U          26240.67518440  .00001626  00000+0  87760-3 0  9991
2 82223  99.3015 141.7298 0069855 343.8913  16.0037 14.12969836485342
UNKNOWN
1 82250U          26241.69714984  .00002172  00000+0  11098-2 0  9992
2 82250  98.8976 151.5654 0067173 171.5987 219.4912 14.15495357653393
UNKNOWN
1 82272U          26230.92460380 -.00000184  00000+0 -41663-3 0  9993
2 82272  67.5251 109.3513 0756151 306.4770  46.8811 12.33702423302676
UNKNOWN
1 82303U          26241.69021127  .00028713  00000+0  18196-1 0  9995
2 82303  81.9074 135.7128 0104239 339.3206  49.2127 14.01095410550650
UNKNOWN
1 82311U          26241.57752549  .00000424  00000+0  65284-3 0  9991
2 82311  99.4131 288.3836 0108223  12.4349 347.9421 13.54867117585507
UNKNOWN
1 82363U          26239.75232423 -.00000076  00000+0 -21924-4 0  9998
2 82363  66.9400   1.4341 0454490 359.6445   0.4209 13.15790767324206
UNKNOWN
1 82369U          26239.28245618  .00000016  00000+0  40537-4 0  9995
2 82369  98.8892 251.4930 0083076 347.5367  12.3742 13.98301746593162
UNKNOWN
1 82381U          26241.62379040  .00028441  00000+0  27245-2 0  9998
2 82381  98.3744 126.0519 0009393  31.9704 328.2082 14.93081003549441
UNKNOWN
1 82402U          26235.46037708  .00003804  00000+0  25565-3 0  9999
2 82402  86.6519  45.5912 0010420 333.8887  26.1822 15.06447373492631
UNKNOWN
1 82432U          26241.18060561  .00001579  00000+0  33245-3 0  9992
2 82432  74.0048 205.3503 0056841 304.5943  54.9867 14.59421125520745
UNKNOWN
1 82448U          26235.00528782  .00005162  00000+0  34502-3 0  9996
2 82448  85.8705  63.5820 0006463  81.2811 278.9155 15.06743693475147
UNKNOWN
1 82453U          26241.11610007  .00000005  00000+0  37355-3 0  9993
2 82453 102.2105 202.7271 0094249  88.9109 272.2749 12.39728665578203
UNKNOWN
1 82458U          26241.24120300  .00002348  00000+0  10279-2 0  9991
2 82458  66.5103 226.3647 0058514 205.2860 154.5368 14.24579651646985
UNKNOWN
1 82484U          26240.97625098  .00000080  00000+0  17385-3 0  9990
2 82484  99.3423 254.1135 0043478 256.8495 102.7790 13.55903646625768
UNKNOWN
1 82494U          26238.69228445  .00015699  00000+0  14262-2 0  9994
2 82494  74.0017 225.7998 0009839 290.6263  69.3866 14.95223889123260
UNKNOWN
1 82500U          26237.50198670  .00002829  00000+0  12576-2 0  9994
2 82500  70.9648 181.6968 0117066  84.7153 276.7317 14.20167811655245
UNKNOWN
1 82524U          26240.89486815  .00004381  00000+0  13432-2 0  9994
2 82524  73.2794  43.6502 0129301 160.4166 350.5113 14.37301661614242
UNKNOWN
1 82529U          26237.44928304  .00000310  00000+0  53624-3 0  9996
2 82529  99.7791 317.6713 0240709 337.1457  80.9661 13.41509906624022
UNKNOWN
1 82560U          26240.14538491  .00001026  00000+0  85396-3 0  9992
2 82560  99.9915 207.2236 0011493 353.9620  69.2004 13.91255622647793
UNKNOWN
1 82597U          26235.60589084  .00000966  00000+0  34308-3 0  9990
2 82597  66.7687 199.0051 0085915 123.5804 237.3538 14.36576043665433
UNKNOWN
1 82617U          26238.66901819  .00000447  00000+0  12243-3 0  9994
2 82617  74.0268 121.2410 0038123 359.7307   0.3826 14.49722883674054
UNKNOWN
1 82642U          26241.70877013  .00000952  00000+0  53974-3 0  9996
2 82642  98.9663 155.6399 0132290 228.9447 130.0231 14.08160131652712
UNKNOWN
1 82683U          26241.61216758  .00000668  00000+0  26458-3 0  9995
2 82683  98.1443 295.7424 0208809 354.7441   5.1546 14.20730866499163
UNKNOWN
1 82693U          26241.21578463  .00001788  00000+0  20542-2 0  9997
2 82693 100.5276 233.8230 0044383  93.3559 267.2663 13.70743572589292
UNKNOWN
1 82698U          26237.14006244  .00002585  00000+0  14309-2 0  9992
2 82698  61.6046 185.8255 0700439  23.7512 339.4221 13.30234249572341
UNKNOWN
1 82708U          26241.58914845  .00000520  00000+0  21373-2 0  9998
2 82708 102.1488 114.7931 0064059 116.4868 244.2812 12.91035777557041
UNKNOWN
1 82729U          26240.91244862  .00000140  00000+0  59817-3 0  9995
2 82729  67.9671  57.5791 0836302 193.2631 164.5104 12.18059560566765
UNKNOWN
1 82739U          26240.91917855  .00001306  00000+0  11010-2 0  9992
2 82739  99.1112  33.7627 0167710 318.6364 194.3280 13.83393007641932
UNKNOWN
1 82741U          26241.14314151  .00001855  00000+0  20098-2 0  9996
2 82741 102.8465   5.3498 0195253  45.5284 316.1630 13.67219506632519
UNKNOWN
1 82798U          26238.56454060  .00001524  00000+0  65432-3 0  9999
2 82798  82.9535 345.7556 0031757 114.2656 258.9126 14.23914713348914
UNKNOWN
1 82820U          26241.52053235  .00001842  00000+0  63723-3 0  9998
2 82820  99.7939  82.3027 0048427 354.8231   5.2444 14.36543781662916
UNKNOWN
1 82854U          26238.26016255  .00001055  00000+0  81427-3 0  9990
2 82854  82.6888 223.2531 0123935 274.2759  84.4250 13.88623735643390
UNKNOWN
1 82873U          26241.54306201  .00002620  00000+0  11105-2 0  9993
2 82873  99.9904 176.5964 0037608 283.6049  76.0940 14.26106694658244
UNKNOWN
1 82875U          26235.68544187  .00000321  00000+0  98007-4 0  9994
2 82875  98.7007 218.2706 0375464 274.5462  81.2924 14.15555839580395
UNKNOWN
1 82893U          26241.61481924  .00006257  00000+0  21834-2 0  9999
2 82893  98.9676  11.0452 0020862   7.6798 352.4702 14.35527711461218
UNKNOWN
1 82912U          26239.78603830  .00002027  00000+0  88978-3 0  9992
2 82912  65.8358 298.8991 0759105 151.0875 213.4525 13.29151182613600
UNKNOWN
1 82961U          26239.84715814  .00005777  00000+0  82705-2 0  9995
2 82961  99.7107  25.5778 0392437 114.7582 249.4904 13.29054949589933
UNKNOWN
1 82965U          26237.20246154  .00000645  00000+0  92084-3 0  9994
2 82965 100.1092 329.9896 0003254 163.8478 196.2765 13.60493890559189
UNKNOWN
1 83903U          26241.62831161 -.00000184  00000+0  00000+0 0  9998
2 83903   5.5504 288.4365 0124457 258.5288 117.1122  0.99112465 46249
UNKNOWN
1 83934U          26241.56287799 -.00000137  00000+0  00000+0 0  9995
2 83934   5.2055 295.9513 0234544 277.2097  94.9686  1.02662117 47959
UNKNOWN
1 84006U          26240.05998747  .00000018  00000+0  00000+0 0  9998
2 84006  22.7315 124.7698 6146016 151.1353 264.5125  2.16231201 89819
UNKNOWN
1 84232U          26241.17413245  .00005181  00000+0  31121-2 0  9995
2 84232  20.2936 118.4313 6452000 345.4718   2.5330  3.33583638113148
UNKNOWN
1 84236U          26241.55490582  .00000625  00000+0  38061-2 0  9998
2 84236   9.0563 215.9484 6900998 327.3863   4.3640  2.63015646120816
UNKNOWN
1 84292U          26237.07155889  .00001983  00000+0  14015-2 0  9991
2 84292  23.7850 166.6434 4538387 135.2740 271.8463  6.22988415243973
UNKNOWN
1 84406U          26228.18917522  .00000204  00000+0  12984-2 0  9998
2 84406 101.7375  20.7267 0043924 268.8496 267.4731 12.67624097 80515
UNKNOWN
1 84407U          26239.10625032 -.00000125  00000+0 -50148-2 0  9993
2 84407  18.8301 245.8117 7242745 202.4501  94.0036  2.05849896 81179
UNKNOWN
1 84575U          26240.85591585  .00000298  00000+0  12549-1 0  9999
2 84575  18.5719  70.4772 7130781 182.5275 169.5997  2.19900591 71163
UNKNOWN
1 84932U          26241.67762516 -.00000420  00000+0 -41198-2 0  9993
2 84932   2.1363  90.6297 6556916 348.9450  38.7233  3.00206596139591
UNKNOWN
1 85004U          26241.68809516  .00000760  00000+0  24336-3 0  9998
2 85004  98.4512 214.5123 0047922 100.3607  73.9905 14.41647740668345
UNKNOWN
1 85006U          26241.85415216  .00001792  00000+0  89547-3 0  9990
2 85006  98.8409 293.3769 0009407 116.4339 243.7802 14.18045882 13512
UNKNOWN
1 85010U          26231.44226020  .00000719  00000+0  78871-3 0  9998
2 85010  99.2307  90.6007 0026069 321.2803 159.3323 13.75555451638240
UNKNOWN
1 85015U          26238.43409875  .00000294  00000+0  63740-4 0  9998
2 85015  74.0472 266.8791 0013865 106.1207 254.1487 14.62558389680134
UNKNOWN
1 85023U          26240.98926623  .00032730  00000+0  34788-2 0  9993
2 85023  99.8347 320.5195 0003261 189.4008 345.6683 14.88908711667233
UNKNOWN
1 85027U          26241.59495078  .00000102  00000+0  17268-3 0  9993
2 85027  66.0411 185.1578 0168512  47.5263 313.9903 13.74344363640328
UNKNOWN
1 85047U          26240.53584294  .00008901  00000+0  13327-1 0  9992
2 85047 102.1774 266.2035 0131112 153.7052 207.0806 13.50062134611516
UNKNOWN
1 85061U          26240.48423832  .00002161  00000+0  83635-2 0  9994
2 85061 102.4008 253.4851 0283196  44.4601 112.5800 12.78745005588831
UNKNOWN
1 85100U          26241.34255882  .00000223  00000+0  77739-4 0  9999
2 85100  74.0446 102.7673 0013416 266.5182 207.8490 14.40896284670731
UNKNOWN
1 85106U          26241.19229262  .00000417  00000+0  50312-3 0  9993
2 85106 100.0712 359.9826 0010669  73.8228  44.4714 13.73212546638675
UNKNOWN
1 85151U          26240.91801736  .00019454  00000+0  20434-2 0  9996
2 85151  98.3842 123.6200 0009483  32.5903 327.5896 14.89482699517986
UNKNOWN
1 85210U          26236.22356264  .00000385  00000+0  40560-3 0  9998
2 85210  99.8809  29.4911 0213026  23.0871 153.4671 13.71914380637046
UNKNOWN
1 85217U          26241.50300011  .00001389  00000+0  36786-3 0  9991
2 85217  98.0217 323.9991 0206083  62.7865 299.4161 14.38332200665185
UNKNOWN
1 85237U          26233.51097845  .00003805  00000+0  73396-3 0  9996
2 85237  65.5315 272.4417 0520399 274.0852  80.0927 14.03387139643654
UNKNOWN
1 85238U          26240.57270694  .00000002  00000+0  37134-4 0  9993
2 85238  99.0711 167.5749 0062578 220.2846 316.3283 13.88383194646758
UNKNOWN
1 85246U          26239.73516760  .00000809  00000+0  30051-3 0  9990
2 85246  97.9991 224.3379 0219751 262.6442  94.9718 14.22226139659732
UNKNOWN
1 85373U          26241.49653766  .00002198  00000+0  14862-2 0  9999
2 85373 100.4144 318.6519 0049386 274.3201  99.1841 14.01101619648491
UNKNOWN
1 87014U          26237.20256082  .00001734  00000+0  26495-2 0  9997
2 87014 100.4661 220.6160 0053185 347.7892  26.5650 13.53009717625451
UNKNOWN
1 87029U          26237.86814828  .00000938  00000+0  59163-3 0  9997
2 87029  98.7348 268.8161 0080591 250.6344 108.6098 14.05003414628961
UNKNOWN
1 87042U          26241.39318481  .00000694  00000+0  43261-3 0  9990
2 87042  98.6877 279.9348 0044449  83.1752 277.4472 14.07497643590485
UNKNOWN
1 87051U          26241.57513167  .00000403  00000+0  16707-3 0  9991
2 87051  65.7300 354.4191 0712206  22.1666 340.8603 13.46872794623569
UNKNOWN
1 87054U          26240.00976967  .00001240  00000+0  70602-3 0  9996
2 87054 100.0804 156.1834 0013610   9.9034 350.2399 14.12020197652767
UNKNOWN
1 87071U          26238.49119086  .00005522  00000+0  18867-2 0  9997
2 87071  61.2150 227.3029 0481083   5.5609 355.0496 13.87551750638094
UNKNOWN
1 87129U          26237.00692454  .00000116  00000+0  11725-2 0  9992
2 87129 102.2615 335.9973 0029458 331.4673  28.4778 12.42915319578384
UNKNOWN
1 87159U          26230.02059665  .00000808  00000+0  93017-3 0  9994
2 87159  90.3465  78.3759 0101351 240.1907 118.9146 13.66656591590598
UNKNOWN
1 87163U          26237.24539423  .00001197  00000+0  35387-3 0  9993
2 87163  65.5999 325.1233 0654746 311.5049  43.1546 13.65307975612383
UNKNOWN
1 87164U          26240.40863158  .00002815  00000+0  54584-3 0  9999
2 87164  65.2033 294.9170 0119880 304.5480  54.4352 14.60572467673528
UNKNOWN
1 87204U          26241.59030976  .00001406  00000+0  55156-3 0  9990
2 87204  98.5147 102.1118 0043974 280.9400  78.6837 14.30396790662578
UNKNOWN
1 87211U          26239.30793005  .00002477  00000+0  66737-3 0  9999
2 87211  99.0822 262.9817 0053364 111.8483 311.8374 14.48107237745036
UNKNOWN
1 87214U          26240.55120759  .00002112  00000+0  18873-2 0  9994
2 87214 100.3232 269.7417 0067122 309.0618  50.4574 13.84805571636053
UNKNOWN
1 87237U          26237.43602600  .00000249  00000+0  22143-3 0  9997
2 87237  99.2258 296.9536 0102085 312.7387  60.0692 13.91958837647331
UNKNOWN
1 87239U          26241.23324367  .00009678  00000+0  21719-2 0  9995
2 87239  82.8702 221.5518 0015542 303.3668  56.6045 14.56412346665591
UNKNOWN
1 87245U          26240.31997522  .00002302  00000+0  46208-3 0  9997
2 87245  65.6386  74.7610 0431463 352.5056 183.2777 14.18297681650849
UNKNOWN
1 87271U          26240.78334040  .00006202  00000+0  10249-2 0  9995
2 87271  65.7508 257.6873 0426500 298.8404  57.0498 14.25085920649242
UNKNOWN
1 87280U          26241.57303911  .00000336  00000+0  64192-3 0  9995
2 87280  64.6170 312.6199 0119381 207.0528 152.4258 13.48780889568898
UNKNOWN
1 87293U          26241.08646510  .00001721  00000+0  34074-3 0  9995
2 87293  65.8959 173.8136 0422681 220.5368 136.3527 14.20992668650815
UNKNOWN
1 87300U          26237.30962633  .00001022  00000+0  72639-3 0  9994
2 87300 100.0906 250.8331 0025648 329.9898  29.9791 14.00156429648873
UNKNOWN
1 87304U          26241.18263079  .00001250  00000+0  18486-3 0  9990
2 87304  74.0187 172.6583 0016183  75.1382 285.1584 14.76279678684758
UNKNOWN
1 87320U          26239.84210828  .00000669  00000+0  43939-3 0  9996
2 87320  66.5926 188.0222 0425758 250.9047 104.5468 13.70865358629110
UNKNOWN
1 87334U          26241.54285788  .00015058  00000+0  74606-2 0  9990
2 87334  90.0073 271.7053 0071402 130.7801 229.9613 14.15822863423309
UNKNOWN
1 87335U          26240.86180917  .00014796  00000+0  72069-2 0  9992
2 87335  89.9934 267.6209 0087521 116.8076 244.2096 14.16062186423544
UNKNOWN
1 87405U          26240.22620759  .00001615  00000+0  11283-2 0  9990
2 87405  82.7489 216.0407 0058259 309.8780  49.7273 13.97192058647248
UNKNOWN
1 87426U          26240.74347920  .00003442  00000+0  12947-2 0  9994
2 87426  65.7846 350.8901 0058830 169.7741 340.0385 14.31804350659642
UNKNOWN
1 87448U          26237.50689722  .00000811  00000+0  67654-3 0  9990
2 87448 100.4359 120.5818 0061546 262.6897  96.7259 13.91271282644796
UNKNOWN
1 87456U          26239.11852529  .00002789  00000+0  40344-3 0  9998
2 87456  65.7739 125.3274 0506549 234.2024 121.0981 14.16607491647928
UNKNOWN
1 87517U          26241.64924807  .00004291  00000+0  12191-2 0  9994
2 87517  65.8249 318.5220 0661816 182.2275 330.9878 13.63013973628314
UNKNOWN
1 87541U          26240.52869594  .00000099  00000+0  27275-3 0  9990
2 87541  99.6761  86.1443 0060057 357.0020  32.5619 13.35674714616589
UNKNOWN
1 87553U          26240.00332862  .00002734  00000+0  90500-3 0  9998
2 87553  65.6689  90.2619 0677565 111.6975 255.7594 13.54812482626226
UNKNOWN
1 87557U          26239.53132307  .00003669  00000+0  79445-2 0  9992
2 87557 101.8469 135.6282 0043728 159.0049 201.2874 13.29838475599278
UNKNOWN
1 87561U          26240.39296567 -.00000097  00000+0 -42268-3 0  9990
2 87561 101.9796 295.4023 0175076 178.7792 250.0483 12.32147247574296
UNKNOWN
1 87565U          26240.27752312  .00000920  00000+0  51406-3 0  9993
2 87565  99.9490 262.4344 0171119 190.3684 169.3935 14.06582178652774
UNKNOWN
1 87569U          26241.28057406 -.00000041  00000+0  34490-4 0  9991
2 87569 101.9952  73.6847 0055806 104.0593  72.1856 12.68549825591379
UNKNOWN
1 87587U          26239.02426856  .00000131  00000+0  49920-4 0  9992
2 87587  74.0271 347.0645 0021122 318.9939  40.9627 14.40180009670847
UNKNOWN
1 87590U          26241.58159450  .00000403  00000+0  24914-3 0  9990
2 87590  98.7605 277.4426 0025254 267.9460 244.6413 14.10627502190877
UNKNOWN
1 87616U          26238.78734698 -.00000247  00000+0 -64648-3 0  9996
2 87616  66.0372   3.0353 0625775  28.7257 118.8078 12.47074900568287
UNKNOWN
1 87624U          26241.11336335  .00003134  00000+0  46668-3 0  9990
2 87624  98.7033 201.1269 0093660 154.8583 205.7226 14.72764427618427
UNKNOWN
1 87650U          26239.88877909  .00007995  00000+0  14335-2 0  9991
2 87650 100.2556 123.4995 0027108 242.1763 117.6687 14.66896521117556
UNKNOWN
1 87672U          26240.46080098  .00002135  00000+0  85016-3 0  9992
2 87672  70.8574 167.1744 0057321 237.7151 121.8418 14.28870162661408
UNKNOWN
1 87681U          26235.57959110  .00000684  00000+0  77109-3 0  9999
2 87681  66.7331 217.1614 0154899 348.9798  10.7889 13.71572225636647
UNKNOWN
1 87690U          26240.86857561  .00002239  00000+0  31603-3 0  9991
2 87690  65.7914  38.4791 0586022 276.0256  77.4374 14.02997594643709
UNKNOWN
1 87706U          26240.40205157  .00002625  00000+0  45086-3 0  9996
2 87706  98.6669  83.2541 0101711 183.8478 298.0839 14.66279683616405
UNKNOWN
1 87730U          26239.78753942  .00000074  00000+0  61683-4 0  9990
2 87730  82.9430  43.1666 0029992   7.3441 352.8148 13.74544195620786
UNKNOWN
1 87737U          26240.88146232  .00000019  00000+0  64472-4 0  9996
2 87737  99.3372 111.5746 0132249 233.5298 125.3604 13.72379903639402
UNKNOWN
1 87764U          26241.55633270  .00008526  00000+0  12737-2 0  9990
2 87764  65.6689 164.5530 0364737 303.2131 234.4201 14.38946913656451
UNKNOWN
1 87771U          26236.36725652  .00000071  00000+0  28398-3 0  9995
2 87771 100.7275  82.9013 0119614 144.7285 216.1817 13.19581826568672
UNKNOWN
1 87782U          26237.95708268  .00002677  00000+0  87405-2 0  9994
2 87782 102.4142 149.6681 0068581  43.8803 316.7714 13.01852063601316
UNKNOWN
1 87843U          26241.48733794  .00000685  00000+0  16071-2 0  9995
2 87843  99.6590 338.8809 0240952 116.5066 246.0975 13.17453967598355
UNKNOWN
1 87845U          26239.51891406  .00000780  00000+0  14816-2 0  9994
2 87845  98.8661 151.8972 0577494  19.8795 342.3844 12.89873330598431
UNKNOWN
1 87884U          26239.52943402 -.00000049  00000+0 -40091-5 0  9999
2 87884  98.7418 339.4309 0154665  63.1191 298.5692 14.06138755654593
UNKNOWN
1 87934U          26241.38900845  .00000087  00000+0  77588-4 0  9996
2 87934  82.9347 107.8283 0031650  36.2743 138.7882 13.73146312639944
UNKNOWN
1 87991U          26232.42239749  .00003300  00000+0  66626-2 0  9992
2 87991  28.6288 286.8186 0881207 308.6831  43.8017 12.35454652554019
UNKNOWN
1 89003U          26217.49324843  .00000133  00000+0  54518-4 0  9998
2 89003  74.0473 301.8831 0016425 300.6886  59.2648 14.36343172665397
UNKNOWN
1 89005U          26241.43585358  .00001169  00000+0  26946-3 0  9994
2 89005  97.8489  56.4934 0186864 311.4532  47.0741 14.46999099571637
UNKNOWN
1 89029U          26237.53780921  .00003437  00000+0  30100-3 0  9996
2 89029  98.0310 148.6319 0020681 193.5512 166.5157 14.97248292689323
UNKNOWN
1 89101U          26241.02923111  .00000266  00000+0  92428-3 0  9994
2 89101 100.4718 174.7538 0145699 250.5277 108.0038 13.04066137588641
UNKNOWN
1 89132U          26230.67804858 -.00000047  00000+0 -26864-4 0  9994
2 89132  63.4231 120.6615 2919273 319.7395  21.9637  8.88165022347210
UNKNOWN
1 89146U          26241.59160137  .00003844  00000+0  68431-3 0  9998
2 89146  98.2581 175.9700 0089579 321.7663  37.7208 14.65095803666903
UNKNOWN
1 89172U          26239.00799998  .00012635  00000+0  19147-2 0  9990
2 89172  82.0654 339.2924 0274647 205.0625 153.7034 14.51671090639168
UNKNOWN
1 89177U          26230.31868910  .00000062  00000+0  49553-4 0  9998
2 89177  82.9180  84.8327 0032494 168.5208 191.6696 13.73763389 96953
UNKNOWN
1 89183U          26241.57204815  .00000392  00000+0  38127-3 0  9993
2 89183  99.2072 151.6987 0129196 184.4883 175.5122 13.81867019642853
UNKNOWN
1 89184U          26241.62082887  .00033367  00000+0  31024-2 0  9999
2 89184  98.3682 126.0926 0009535  20.8366 339.3239 14.94220073530823
UNKNOWN
1 89213U          26241.44830338  .00000164  00000+0  12906-3 0  9992
2 89213  98.7470 105.5849 0227768 132.8440 229.2108 13.91832863488790
UNKNOWN
1 89251U          26240.82492488  .00004883  00000+0  29319-2 0  9992
2 89251  62.4889  23.0255 2804782 125.1154 264.5770  9.29620048397225
UNKNOWN
1 89261U          26236.72213776  .00000571  00000+0  18044-3 0  9992
2 89261  98.1701 225.5878 0014262 102.3769 257.9019 14.43569672570590
UNKNOWN
1 89304U          26241.68520529  .00037808  00000+0  16958-1 0  9991
2 89304  84.0996  31.1618 2823336   2.3165   5.5318  9.32502439462209
UNKNOWN
1 89379U          26238.34147202  .00001709  00000+0  21762-2 0  9996
2 89379 100.4851 278.0647 0045185 207.4891 152.3858 13.64523971615752
UNKNOWN
1 89395U          26237.35342995  .00000180  00000+0  24934-2 0  9996
2 89395 102.3922 196.6573 0226695  50.7275 103.1364 12.01575757555449
UNKNOWN
1 89403U          26240.61632221  .00001944  00000+0  65203-2 0  9996
2 89403  90.2552  11.7429 0026441 251.0908 123.0063 12.99005809511437
UNKNOWN
1 89484U          26238.00541646  .02254546  00000+0  12123+0 0  9995
2 89484  83.6931  70.0790 1912090  12.5042 351.7229 11.52094465380168
UNKNOWN
1 89493U          26240.65664767  .00001596  00000+0  78352-3 0  9992
2 89493  99.0120 318.1003 0079641  25.8384 334.6735 14.17543274500610
UNKNOWN
1 89494U          26239.66440010  .00001741  00000+0  85345-3 0  9997
2 89494  99.0115 316.9408 0080474  28.9539 331.6064 14.17475266500327
GSAT0101 (GALILEO-PFM)
1 37846U 11060A   26239.41178789 -.00000082  00000+0  00000+0 0  9992
2 37846  56.9661 339.8311 0000853  74.7611 285.2814  1.70475696 92335
GSAT0102 (GALILEO-FM2)
1 37847U 11060B   26238.17148139 -.00000087  00000+0  00000+0 0  9996
2 37847  56.9671 339.8652 0001788 327.3576  37.1671  1.70476081 92323
GSAT0103 (GALILEO-FM3)
1 38857U 12055A   26240.03944522  .00000027  00000+0  00000+0 0  9994
2 38857  55.8494  99.5724 0002773 301.7678  58.3149  1.70473488 86236
GSAT0201 (GALILEO 5)
1 40128U 14050A   26240.10194693  .00000015  00000+0  00000+0 0  9996
2 40128  48.7995 270.4803 1684333 182.1780 177.0166  1.85519734 79656
GSAT0202 (GALILEO 6)
1 40129U 14050B   26240.35722889  .00000015  00000+0  00000+0 0  9998
2 40129  48.8165 269.5563 1685779 182.8999 176.0146  1.85520366 81825
GSAT0203 (GALILEO 7)
1 40544U 15017A   26216.31258826 -.00000079  00000+0  00000+0 0  9998
2 40544  56.7688 340.2856 0003310 250.6085 109.3686  1.70476291 70029
GSAT0204 (GALILEO 8)
1 40545U 15017B   26240.61848872 -.00000079  00000+0  00000+0 0  9995
2 40545  56.7643 339.6417 0004399 237.8244 122.1709  1.70475898 33488
GSAT0206 (GALILEO 10)
1 40890U 15045B   26217.73024005  .00000086  00000+0  00000+0 0  9997
2 40890  54.9350 220.2359 0002187 332.8300  27.1792  1.70473355 67881
GSAT0209 (GALILEO 12)
1 41174U 15079A   26239.01594685  .00000021  00000+0  00000+0 0  9990
2 41174  55.8701  99.3176 0003858  16.5616 343.5584  1.70473820 65981
GSAT0208 (GALILEO 11)
1 41175U 15079B   26240.99609461  .00000031  00000+0  00000+0 0  9990
2 41175  55.8700  99.2600 0003752  25.6327 334.4956  1.70473658 66437
GSAT0211 (GALILEO 14)
1 41549U 16030A   26239.94612254  .00000049  00000+0  00000+0 0  9999
2 41549  55.0801 219.7213 0003719 326.4586  33.4874  1.70473281 63891
GSAT0210 (GALILEO 13)
1 41550U 16030B   26217.32658418  .00000085  00000+0  00000+0 0  9991
2 41550  55.0845 220.3409 0004656 249.3443 110.6257  1.70473686 63502
GSAT0207 (GALILEO 15)
1 41859U 16069A   26241.06890542  .00000030  00000+0  00000+0 0  9999
2 41859  55.5436  99.0681 0003332 355.4016   4.7047  1.70473748 60644
GSAT0212 (GALILEO 16)
1 41860U 16069B   26240.92226186  .00000029  00000+0  00000+0 0  9990
2 41860  55.5411  99.0671 0004040  34.2244 325.9112  1.70473906 60894
GSAT0213 (GALILEO 17)
1 41861U 16069C   26240.11615073  .00000026  00000+0  00000+0 0  9996
2 41861  55.5425  99.0974 0002458 333.0967  27.0001  1.70474377 60743
GSAT0214 (GALILEO 18)
1 41862U 16069D   26240.84911435  .00000029  00000+0  00000+0 0  9991
2 41862  55.5417  99.0698 0001875   2.9900 357.1207  1.70473938 60881
GSAT0215 (GALILEO 19)
1 43055U 17079A   26241.33813203  .00000048  00000+0  00000+0 0  9999
2 43055  55.0579 219.4940 0003567 277.0227  82.9023  1.70473988 54232
GSAT0217 (GALILEO 21)
1 43057U 17079C   26214.28075665  .00000078  00000+0  00000+0 0  9990
2 43057  55.0626 220.2355 0004258 291.9902  67.9813  1.70474265 53777
GSAT0218 (GALILEO 22)
1 43058U 17079D   26216.26058223  .00000082  00000+0  00000+0 0  9997
2 43058  55.0625 220.1786 0005474 276.8699  83.0848  1.70474225 53830
GSAT0221 (GALILEO 25)
1 43564U 18060A   26237.28182826 -.00000090  00000+0  00000+0 0  9992
2 43564  57.1421 339.9161 0003631 268.6398  91.3447  1.70476440 50344
GSAT0222 (GALILEO 26)
1 43565U 18060B   26239.26134237 -.00000083  00000+0  00000+0 0  9998
2 43565  57.1448 339.8664 0004255 238.6216 121.3694  1.70476192 50421
GSAT0219 (GALILEO 23)
1 43566U 18060C   26241.82848760 -.00000076  00000+0  00000+0 0  9999
2 43566  57.1428 339.7985 0002834 274.6562  85.3529  1.70476316 50446
GSAT0220 (GALILEO 24)
1 43567U 18060D   26240.28976461 -.00000079  00000+0  00000+0 0  9992
2 43567  57.1433 339.8408 0003194 267.3450  92.6548  1.70476219 50409
GSAT0223 (GALILEO 27)
1 49809U 21116A   26238.97474439 -.00000083  00000+0  00000+0 0  9999
2 49809  57.1329 339.7650 0003370 211.8324 151.9979  1.70476672 29390
GSAT0224 (GALILEO 28)
1 49810U 21116B   26239.45344007 -.00000082  00000+0  00000+0 0  9991
2 49810  57.1333 339.7510 0002918 210.5719 199.6846  1.70476586 29423
GSAT0225 (GALILEO 29)
1 59598U 24079A   26240.54379683  .00000027  00000+0  00000+0 0  9994
2 59598  55.1640  99.0570 0001001 120.1399 232.4477  1.70474199 14541
GSAT0227 (GALILEO 30)
1 59600U 24079C   26216.10294367 -.00000002  00000+0  00000+0 0  9992
2 59600  55.1430  99.7388 0003338  77.6733 282.4392  1.70473890 14187
GSAT0232 (GALILEO 32)
1 61182U 24167A   26241.09475927  .00000048  00000+0  00000+0 0  9996
2 61182  55.1703 219.3142 0006033 234.2948 199.5018  1.70473717 12123
GSAT0226 (GALILEO 31)
1 61183U 24167B   26241.70608308  .00000048  00000+0  00000+0 0  9996
2 61183  55.1691 219.3044 0002728 243.1522 297.1581  1.70473664 12104
GSAT0233 (GALILEO 33)
1 67160U 25302A   26226.59250941 -.00000018  00000+0  00000+0 0  9993
2 67160  54.3710 100.4657 0001942 137.9545 223.3627  1.70473974  4129
GSAT0234 (GALILEO 34)
1 67162U 25302C   26215.45009963  .00000000  00000+0  00000+0 0  9994
2 67162  54.3660 100.7834 0001316 357.6061 185.4393  1.70474021  3989
BEIDOU-2 IGSO-1 (C06)
1 36828U 10036A   26233.75814490 -.00000137  00000+0  00000+0 0  9991
2 36828  54.3073 162.3689 0058186 224.3483 321.2966  1.00253816 58750
BEIDOU-2 G4 (C04)
1 37210U 10057A   26241.78445258 -.00000108  00000+0  00000+0 0  9992
2 37210   3.8231  68.4313 0007082 177.4208 174.5740  1.00271935 58024
BEIDOU-2 IGSO-2 (C07)
1 37256U 10068A   26241.72852405 -.00000163  00000+0  00000+0 0  9995
2 37256  47.4161 270.9105 0057339 215.7433 220.4957  1.00258508 57532
BEIDOU-2 IGSO-3 (C08)
1 37384U 11013A   26230.91979428 -.00000155  00000+0  00000+0 0  9993
2 37384  62.4969  39.5609 0036994 183.8957 178.9703  1.00253025 56292
BEIDOU-2 IGSO-4 (C09)
1 37763U 11038A   26241.87924120 -.00000070  00000+0  00000+0 0  9993
2 37763  54.6039 165.0188 0160557 231.1337 353.0125  1.00271143 55387
BEIDOU-2 G5 (C05)
1 38091U 12008A   26241.76247219  .00000060  00000+0  00000+0 0  9999
2 38091   3.7506  69.1737 0006091 251.3374 350.6611  1.00274643 53106
BEIDOU-2 M3 (C11)
1 38250U 12018A   26241.75196727 -.00000026  00000+0  00000+0 0  9996
2 38250  55.6908 302.3922 0022789 272.3155  87.5080  1.86230297 97313
BEIDOU-2 M4 (C12)
1 38251U 12018B   26241.14742731 -.00000024  00000+0  00000+0 0  9990
2 38251  55.5912 301.6205 0014073 272.1824  87.7417  1.86229926 97304
BEIDOU-2 M6 (C14)
1 38775U 12050B   26240.31978347  .00000001  00000+0  00000+0 0  9993
2 38775  56.6110  60.5120 0011447   4.7845 355.2811  1.86230954 94657
BEIDOU-2 G6 (C02)
1 38953U 12059A   26241.87276808 -.00000172  00000+0  00000+0 0  9995
2 38953   4.6011  72.6906 0007494 328.7730 334.8556  1.00273454 50641
BEIDOU-3S IGSO-1S (C31)
1 40549U 15019A   26241.84637311 -.00000147  00000+0  00000+0 0  9997
2 40549  49.0539 294.5711 0039070 200.3379 242.8668  1.00292738 41818
BEIDOU-3S M2S (C58)
1 40748U 15037A   26240.81162204 -.00000022  00000+0  00000+0 0  9990
2 40748  54.8029 299.5420 0011214 259.1347 100.8245  1.86232459 75477
BEIDOU-3S M1S (C57)
1 40749U 15037B   26240.47327192 -.00000022  00000+0  00000+0 0  9992
2 40749  54.8000 299.5396 0001867  51.9835 308.1189  1.86255022 75473
BEIDOU-3S IGSO-2S (C56)
1 40938U 15053A   26214.59725278 -.00000074  00000+0  00000+0 0  9998
2 40938  49.1518 258.2267 0066355 193.9763 165.8677  1.00249594 39814
BEIDOU-2 IGSO-6 (C13)
1 41434U 16021A   26240.97882222 -.00000133  00000+0  00000+0 0  9996
2 41434  60.3349  37.3207 0060711 227.8355 160.3892  1.00285297 38219
BEIDOU-2 G7 (C03)
1 41586U 16037A   26241.84402588 -.00000350  00000+0  00000+0 0  9992
2 41586   1.8961  69.6467 0005378 358.5118 324.3077  1.00272409  7629
BEIDOU-3 M1 (C19)
1 43001U 17069A   26240.08508823  .00000002  00000+0  00000+0 0  9999
2 43001  56.7577  60.7195 0007434 325.2116  34.7957  1.86231386 59943
BEIDOU-3 M2 (C20)
1 43002U 17069B   26240.56097375  .00000001  00000+0  00000+0 0  9997
2 43002  56.7571  60.7391 0006626   3.5682 356.4907  1.86230983 59943
BEIDOU-3 M7 (C27)
1 43107U 18003A   26240.84021557 -.00000023  00000+0  00000+0 0  9997
2 43107  54.2595 299.7772 0003363 104.2741 255.8478  1.86228500 58705
BEIDOU-3 M8 (C28)
1 43108U 18003B   26240.24690337 -.00000023  00000+0  00000+0 0  9990
2 43108  54.2528 299.7790 0004068 260.4073  99.6318  1.86231425 58705
BEIDOU-3 M4 (C22)
1 43207U 18018A   26240.15339278  .00000002  00000+0  00000+0 0  9996
2 43207  56.7170  60.7789 0006371  41.9092 318.1955  1.86231173 58088
BEIDOU-3 M3 (C21)
1 43208U 18018B   26240.21989792  .00000002  00000+0  00000+0 0  9996
2 43208  56.7161  60.7804 0005795 348.8926  11.1502  1.86231336 58080
BEIDOU-3 M9 (C29)
1 43245U 18029A   26241.51216925 -.00000020  00000+0  00000+0 0  9995
2 43245  54.1246 297.3796 0001687 225.9611 134.1087  1.86228450 57263
BEIDOU-3 M10 (C30)
1 43246U 18029B   26239.83528516 -.00000019  00000+0  00000+0 0  9998
2 43246  54.1233 297.4645 0002752  21.3818 338.7154  1.86229590 57213
BEIDOU-2 IGSO-7 (C16)
1 43539U 18057A   26241.70322721 -.00000124  00000+0  00000+0 0  9990
2 43539  55.2146 162.4368 0108175 236.8595 304.0340  1.00281933 29865
BEIDOU-3 M5 (C23)
1 43581U 18062A   26241.66999260  .00000032  00000+0  00000+0 0  9993
2 43581  54.0844 179.8073 0004549 304.7914  55.1485  1.86228720 55007
BEIDOU-3 M6 (C24)
1 43582U 18062B   26241.53376882  .00000031  00000+0  00000+0 0  9998
2 43582  54.0841 179.8012 0006049  24.1244 335.8857  1.86228105 55002
BEIDOU-3 M12 (C26)
1 43602U 18067A   26241.47229741  .00000030  00000+0  00000+0 0  9999
2 43602  54.1799 178.5564 0008565  34.6409 325.3983  1.86227740 54489
BEIDOU-3 M11 (C25)
1 43603U 18067B   26239.99666365  .00000014  00000+0  00000+0 0  9993
2 43603  54.1773 178.5698 0005085  21.7977 338.1993  1.86227288 54481
BEIDOU-3 M13 (C32)
1 43622U 18072A   26241.56177160 -.00000001  00000+0  00000+0 0  9993
2 43622  56.6917  60.2413 0004428 332.2804  27.7447  1.86231398 54022
BEIDOU-3 M14 (C33)
1 43623U 18072B   26240.35328911  .00000001  00000+0  00000+0 0  9991
2 43623  56.6922  60.2755 0004136  23.5136 336.5595  1.86231405 53991
BEIDOU-3 M16 (C35)
1 43647U 18078A   26238.89682049 -.00000021  00000+0  00000+0 0  9997
2 43647  54.0229 297.5018 0006073  34.8677 325.2569  1.86232443 53475
BEIDOU-3 M15 (C34)
1 43648U 18078B   26240.10088839 -.00000019  00000+0  00000+0 0  9999
2 43648  54.0176 297.4596 0002681  43.1010 317.0055  1.86227561 53511
BEIDOU-3 G1 (C59)
1 43683U 18085A   26241.80015219 -.00000105  00000+0  00000+0 0  9992
2 43683   2.5736  95.3114 0006698  16.8124 313.9935  1.00272818 28791
BEIDOU-3 M17 (C36)
1 43706U 18093A   26240.51586176  .00000020  00000+0  00000+0 0  9994
2 43706  54.1679 179.8443 0009040 299.8745 229.8426  1.86228372 52882
BEIDOU-3 M18 (C37)
1 43707U 18093B   26240.66362110  .00000022  00000+0  00000+0 0  9993
2 43707  54.1689 179.8314 0007618 332.1739  27.7621  1.86226697 52884
BEIDOU-3 IGSO-1 (C38)
1 44204U 19023A   26240.34823663 -.00000187  00000+0  00000+0 0  9993
2 44204  58.7997  36.9119 0027056 222.6066 321.7076  1.00270870  7934
BEIDOU-2 G8 (C01)
1 44231U 19027A   26241.70821861 -.00000246  00000+0  00000+0 0  9992
2 44231   1.8375  74.3809 0008868 279.6714  23.2469  1.00267249 26811
BEIDOU-3 IGSO-2 (C39)
1 44337U 19035A   26234.72561712 -.00000165  00000+0  00000+0 0  9998
2 44337  55.2512 158.2792 0038881 211.6656 341.8916  1.00280313 26336
BEIDOU-3 M24 (C46)
1 44542U 19061A   26241.80519236  .00000034  00000+0  00000+0 0  9990
2 44542  54.3955 180.2465 0009117   8.8276 351.1712  1.86229522 47162
BEIDOU-3 M23 (C45)
1 44543U 19061B   26240.58732536  .00000021  00000+0  00000+0 0  9991
2 44543  54.3943 180.2560 0005938 354.4243 180.1938  1.86227719 47141
BEIDOU-3 IGSO-3 (C40)
1 44709U 19073A   26240.51051507 -.00000141  00000+0  00000+0 0  9997
2 44709  54.6782 280.1101 0046890 197.6061 162.3470  1.00268522 25183
BEIDOU-3 M22 (C44)
1 44793U 19078A   26241.10913640 -.00000020  00000+0  00000+0 0  9992
2 44793  53.8664 297.2574 0004930  44.2663 315.8574  1.86227630 46006
BEIDOU-3 M21 (C43)
1 44794U 19078B   26241.24887146 -.00000020  00000+0  00000+0 0  9999
2 44794  53.8396 297.2121 0002813  34.4342 325.6680  1.86228124 46017
BEIDOU-3 M19 (C41)
1 44864U 19090A   26241.28278086 -.00000001  00000+0  00000+0 0  9991
2 44864  56.6256  60.3778 0015686 294.0011 286.7137  1.86231628 45596
BEIDOU-3 M20 (C42)
1 44865U 19090B   26241.12724109  .00000000  00000+0  00000+0 0  9995
2 44865  56.6273  60.4178 0013138 309.5080 256.4988  1.86231567 45577
BEIDOU-3 G2 (C60)
1 45344U 20017A   26241.83933634 -.00000137  00000+0  00000+0 0  9994
2 45344   2.5512  48.1622 0002343 105.9760 206.1249  1.00272155 23990
BEIDOU-3 G3 (C61)
1 45807U 20040A   26240.63225184 -.00000351  00000+0  00000+0 0  9993
2 45807   2.6191  67.4420 0001887 294.7658 312.6916  1.00265767 22795
BEIDOU-3 G4 (C62)
1 56564U 23066A   26241.85561153 -.00000278  00000+0  00000+0 0  9998
2 56564   0.4402 352.1501 0005168 198.0049 235.9065  1.00276191 12130
BEIDOU-3 M28 (C50)
1 58654U 23207A   26241.32556374 -.00000004  00000+0  00000+0 0  9995
2 58654  55.8211  59.8388 0001124  36.5978 323.4592  1.86229702 18205
BEIDOU-3 M26 (C48)
1 58655U 23207B   26240.58611712 -.00000003  00000+0  00000+0 0  9990
2 58655  55.8227  59.8503 0000716 281.3031  78.7414  1.86229651 18170
BEIDOU-3 M25 (C47)
1 61186U 24168B   26240.41352238 -.00000023  00000+0  00000+0 0  9999
2 61186  54.4060 299.7282 0004293 287.2429  74.7363  1.86230239 13136
BEIDOU-3 M27 (C49)
1 61187U 24168C   26241.76780565 -.00000024  00000+0  00000+0 0  9998
2 61187  54.4002 299.6634 0000705 327.7944 357.2079  1.86230239 10623
EWS-G3 (GOES 14)
1 35491U 09033A   26241.84090586 -.00000224  00000+0  00000+0 0  9999
2 35491   1.8724  82.0485 0002221  80.0786 213.2387  1.00075528  7325
EWS-G2 (GOES 15)
1 36411U 10008A   26241.76342551  .00000024  00000+0  00000+0 0  9996
2 36411   1.4740  81.9676 0005364  74.5060 159.7000  1.00270587 60378
GOES 16
1 41866U 16071A   26241.79365140 -.00000089  00000+0  00000+0 0  9996
2 41866   0.5142  84.8615 0001537 119.9170 314.2341  1.00272592 35841
GOES 17
1 43226U 18022A   26241.51925582 -.00000180  00000+0  00000+0 0  9990
2 43226   1.1184  84.5067 0000965 114.7329 235.9343  1.00271105 31157
GOES 18
1 51850U 22021A   26241.61249939  .00000000  00000+0  00000+0 0  9992
2 51850   0.0088 259.7975 0000798 324.8836 196.6425  1.00272050  7321
GOES 19
1 60133U 24119A   26241.80727904 -.00000246  00000+0  00000+0 0  9993
2 60133   0.0257 301.5892 0000594 298.5838 313.2672  1.00270767  7706
SKYSAT-A
1 39418U 13066C   26241.59450722  .00002861  00000+0  16318-3 0  9998
2 39418  97.3753 288.6446 0022730  62.7152 297.6390 15.13331381699588
SKYSAT-B
1 40072U 14037D   26241.41686384  .00001169  00000+0  13344-3 0  9997
2 40072  98.3912 204.5916 0006643  49.7222 310.4573 14.88184528656851
SKYSAT-C1
1 41601U 16040C   26241.33515014  .00009769  00000+0  26850-3 0  9994
2 41601  96.9527 269.1301 0004272 106.8567 253.3148 15.37386729569100
SKYSAT-C4
1 41771U 16058B   26241.04102089  .00017695  00000+0  30932-3 0  9996
2 41771  96.9154 259.8626 0002329  55.4722 304.6751 15.50698624556755
SKYSAT-C5
1 41772U 16058C   26241.80870586  .00006978  00000+0  21270-3 0  9992
2 41772  97.0417 279.1024 0003703  66.7518 293.4115 15.34243756555035
SKYSAT-C2
1 41773U 16058D   26241.48416937  .00012418  00000+0  27815-3 0  9990
2 41773  97.0146 260.8903 0004639 122.0147 238.1554 15.43561857556355
SKYSAT-C3
1 41774U 16058E   26241.80658022  .00026791  00000+0  39247-3 0  9991
2 41774  96.8965 269.9573 0002834  83.9839 276.1740 15.55536683557546
SKYSAT-C11
1 42987U 17068A   26241.38626666  .00041986  00000+0  48700-3 0  9999
2 42987  97.4436  33.6524 0001550  87.4655 272.6780 15.61684596494655
SKYSAT-C10
1 42988U 17068B   26241.35733241  .00010773  00000+0  31142-3 0  9997
2 42988  97.4603  19.0226 0001635  90.7292 269.4139 15.35815473493581
SKYSAT-C9
1 42989U 17068C   26241.87393031  .00014355  00000+0  32534-3 0  9990
2 42989  97.4526  21.2097 0006992 222.7891 137.2813 15.43178886494110
SKYSAT-C8
1 42990U 17068D   26241.34524526  .00012350  00000+0  32968-3 0  9993
2 42990  97.4622  19.0953 0001635  96.8519 263.2912 15.38261692493550
SKYSAT-C7
1 42991U 17068E   26241.86180402  .00011182  00000+0  29910-3 0  9997
2 42991  97.4634  20.6153 0005380 188.1989 171.9169 15.38212568493693
SKYSAT-C6
1 42992U 17068F   26241.85119389  .00008815  00000+0  26958-3 0  9991
2 42992  97.4674  20.2224 0000969  75.3488 284.7862 15.34096206493612
SKYSAT-C12
1 43797U 18099AR  26241.49681414  .00018622  00000+0  32083-3 0  9996
2 43797  96.9239 261.8878 0002132 220.1646 139.9450 15.51100753433211
FLOCK 4Q-16
1 58271U 23174R   26241.85896122  .00030565  00000+0  50387-3 0  9990
2 58271  97.3780 331.8114 0004685 253.3917 106.6821 15.52245277156997
FLOCK 4Q-11
1 58273U 23174T   26241.73792943  .00076892  00000+0  11619-2 0  9992
2 58273  97.3818 332.4168 0005758 249.6530 110.4106 15.54441586156990
FLOCK 4Q-28
1 58280U 23174AA  26241.68882294  .00039877  00000+0  50780-3 0  9998
2 58280  97.3862 335.5230 0004003 219.4429 140.6537 15.59234194157180
FLOCK 4Q-27
1 58282U 23174AC  26239.69333220  .00028979  00000+0  35301-3 0  9991
2 58282  97.3763 332.8368 0004702 238.7449 121.3348 15.60463663156885
PELICAN-1
1 58296U 23174AS  26241.26174046  .00004215  00000+0  35844-4 0  9991
2 58296  97.3958 346.0402 0002223  96.6346 263.5169 15.70240576157647
FLOCK 4Q-2
1 58320U 23174BS  26241.86678388  .00028090  00000+0  45455-3 0  9998
2 58320  97.3829 332.2268 0004914 208.1189 151.9799 15.52779328157026
FLOCK 4Q-9
1 58322U 23174BU  26241.47769652  .00036360  00000+0  57145-3 0  9990
2 58322  97.3833 331.9843 0005388 213.3219 146.7696 15.53537670156958
FLOCK 4Q-4
1 58327U 23174BZ  26241.66937653  .00029763  00000+0  50023-3 0  9991
2 58327  97.3788 331.1621 0003455 241.0782 119.0124 15.51713143156941
FLOCK 4Q-13
1 58328U 23174CA  26241.50163355  .00034475  00000+0  51786-3 0  9998
2 58328  97.3995 334.6232 0004847 223.7983 136.2887 15.54799926157050
FLOCK 4BE-18
1 60480U 24149N   26241.68765633  .00021799  00000+0  47752-3 0  9992
2 60480  97.3695 326.2894 0003035  12.1979 347.9342 15.44119788113648
FLOCK 4BE-7
1 60481U 24149P   26241.68750913  .00025644  00000+0  57895-3 0  9990
2 60481  97.3727 325.5236 0002354  31.0372 329.1015 15.43191564113579
FLOCK 4BE-36
1 60486U 24149U   26241.21620828  .00056741  00000+0  11480-2 0  9996
2 60486  97.3712 326.6543 0002564  10.5920 349.5383 15.46257192113628
FLOCK 4BE-25
1 60487U 24149V   26241.65480218  .00017771  00000+0  43810-3 0  9995
2 60487  97.3767 325.3833 0002257  36.6784 323.4616 15.40614325113543
FLOCK 4BE-31
1 60488U 24149W   26241.70164852  .00026326  00000+0  52491-3 0  9996
2 60488  97.3772 328.2103 0002420  39.2734 320.8691 15.46850918113739
FLOCK 4BE-20
1 60489U 24149X   26241.17830290  .00088001  00000+0  20448-2 0  9998
2 60489  97.3654 323.6430 0002707 351.4658   8.6543 15.42014364113441
FLOCK 4BE-23
1 60490U 24149Y   26241.53453064  .00017453  00000+0  44731-3 0  9995
2 60490  97.3749 324.3685 0003574  36.4523 323.6966 15.39427766113474
FLOCK 4BE-17
1 60492U 24149AA  26241.60662433  .00018803  00000+0  44510-3 0  9992
2 60492  97.3739 325.6464 0002680  25.7893 334.3487 15.41830719113568
FLOCK 4BE-22
1 60494U 24149AC  26241.45287008  .00024235  00000+0  54292-3 0  9992
2 60494  97.3704 325.8116 0003323  30.3243 329.8197 15.43429998113599
FLOCK 4BE-34
1 60495U 24149AD  26241.21168625  .00020188  00000+0  45331-3 0  9997
2 60495  97.3755 326.4351 0003648  42.2907 317.8621 15.43397058113582
FLOCK 4BE-32
1 60497U 24149AF  26241.51751730  .00022906  00000+0  49427-3 0  9997
2 60497  97.3688 326.3487 0003674  34.8666 325.2823 15.44554788113646
FLOCK 4BE-11
1 60501U 24149AK  26241.47431474  .00026840  00000+0  56265-3 0  9997
2 60501  97.3664 326.6024 0003504  32.8623 327.2843 15.45377193113669
FLOCK 4BE-24
1 60505U 24149AP  26241.83754799  .00023576  00000+0  48860-3 0  9994
2 60505  97.3682 327.2714 0003829  39.7487 320.4042 15.45738175113735
TANAGER-1
1 60507U 24149AR  26240.22118050  .00014410  00000+0  31816-3 0  9992
2 60507  97.2282 334.0819 0001870  23.3488 336.7845 15.43971960114155
FLOCK 4BE-29
1 60509U 24149AT  26241.50738620  .00026316  00000+0  50023-3 0  9996
2 60509  97.3781 328.6855 0003381  76.2576 283.9051 15.48232667113740
FLOCK 4BE-13
1 60512U 24149AW  26241.51066776  .00017674  00000+0  39212-3 0  9991
2 60512  97.3692 326.7684 0004078  25.6320 334.5130 15.43780358113676
FLOCK 4BE-27
1 60513U 24149AX  26241.46475618  .00010266  00000+0  29890-3 0  9996
2 60513  97.3793 323.3959 0004941  58.4277 301.7448 15.35591011113384
FLOCK 4BE-9
1 60514U 24149AY  26241.49113489  .00021524  00000+0  49086-3 0  9993
2 60514  97.3765 326.5709 0003441  58.4536 301.7048 15.42920906113613
FLOCK 4BE-6
1 60516U 24149BA  26241.51772690  .00018203  00000+0  43585-3 0  9991
2 60516  97.3759 325.8059 0004108  52.1777 307.9841 15.41487423113561
FLOCK 4BE-14
1 60517U 24149BB  26241.68642628  .00021201  00000+0  47875-3 0  9995
2 60517  97.3662 326.1927 0004726  45.8965 314.2671 15.43213685113658
FLOCK 4BE-1
1 60518U 24149BC  26241.23423159  .00024505  00000+0  52148-3 0  9992
2 60518  97.3752 327.2840 0004455  47.1264 313.0358 15.44947406113645
FLOCK 4BE-28
1 60519U 24149BD  26241.67689249  .00027054  00000+0  49576-3 0  9998
2 60519  97.3708 328.7878 0004259  56.3176 303.8480 15.49275322113807
FLOCK 4BE-5
1 60559U 24149CV  26241.45551822  .00024265  00000+0  56391-3 0  9997
2 60559  97.3815 326.2516 0003615  50.6066 309.5501 15.42330248113564
FLOCK 4BE-3
1 60561U 24149CX  26241.18506862  .00023625  00000+0  52306-3 0  9995
2 60561  97.3664 325.8957 0004125  43.2749 316.8823 15.43783765113594
FLOCK 4BE-19
1 60563U 24149CZ  26241.84955573  .00026356  00000+0  51403-3 0  9998
2 60563  97.3716 328.5261 0004709  40.7376 319.4226 15.47482864113808
FLOCK 4G-8
1 62613U 25009E   26241.70874406  .00012669  00000+0  42483-3 0  9992
2 62613  97.3973 323.4545 0005255  66.9585 293.2209 15.31024995 90162
FLOCK 4G-13
1 62621U 25009N   26241.65862788  .00158377  00000+0  21253-2 0  9993
2 62621  97.3894 326.8656 0000816  39.0428 321.0886 15.57394879 90382
FLOCK 4G-9
1 62622U 25009P   26241.65358372  .00012777  00000+0  45315-3 0  9992
2 62622  97.3923 322.1034 0005955  73.1990 286.9903 15.29193497 90085
FLOCK 4G-7
1 62624U 25009R   26241.63898431  .00011228  00000+0  38189-3 0  9998
2 62624  97.3909 322.5916 0003955  76.3526 283.8155 15.30601471 90131
FLOCK 4G-12
1 62625U 25009S   26241.50541777  .00011249  00000+0  38297-3 0  9996
2 62625  97.3991 323.0519 0005203  64.9527 295.2253 15.30565075 90113
FLOCK 4G-11
1 62629U 25009W   26241.68266988  .00012563  00000+0  42528-3 0  9999
2 62629  97.3891 322.7354 0004050  75.1366 285.0324 15.30723507 90159
PELICAN-2
1 62631U 25009Y   26241.69782593  .00009091  00000+0  22530-3 0  9991
2 62631  97.2048 331.5945 0001742  60.5475 299.5945 15.40613317 90879
FLOCK 4G-26
1 62633U 25009AA  26241.68997494  .00011312  00000+0  38080-3 0  9996
2 62633  97.3985 323.4176 0004273  61.0108 299.1561 15.30930549 90158
FLOCK 4G-28
1 62634U 25009AB  26241.69988882  .00010338  00000+0  29743-3 0  9992
2 62634  97.3999 326.5726 0002956  71.0344 289.1220 15.35970872 90360
FLOCK 4G-24
1 62637U 25009AE  26241.69423149  .00012351  00000+0  41285-3 0  9997
2 62637  97.3992 323.7475 0003878  52.7787 307.3807 15.31139792 90174
FLOCK 4G-3
1 62639U 25009AG  26241.70150116  .00011184  00000+0  37916-3 0  9991
2 62639  97.3994 323.4304 0003732  62.2516 297.9103 15.30708481 90147
FLOCK 4G-27
1 62641U 25009AJ  26241.46200853  .00012428  00000+0  42257-3 0  9997
2 62641  97.3903 322.4790 0003476  72.0043 288.1577 15.30586115 90108
FLOCK 4G-29
1 62642U 25009AK  26241.68996440  .00007785  00000+0  25338-3 0  9997
2 62642  97.3945 323.4134 0002720  57.5899 302.5606 15.32139586 90142
FLOCK 4G-22
1 62645U 25009AN  26241.46638647  .00013721  00000+0  46634-3 0  9997
2 62645  97.3977 323.1723 0003333  63.0619 297.0962 15.30576163 90129
FLOCK 4G-25
1 62646U 25009AP  26241.17194015  .00011869  00000+0  40136-3 0  9994
2 62646  97.3986 322.9782 0003092  71.0177 289.1399 15.30775475 90080
FLOCK 4G-23
1 62647U 25009AQ  26241.68637087  .00056199  00000+0  14840-2 0  9999
2 62647  97.3889 323.5805 0001630  86.0235 274.1197 15.38257740 90205
FLOCK 4G-34
1 62650U 25009AT  26241.83874723  .00008550  00000+0  29329-3 0  9997
2 62650  97.3932 323.0775 0003311  70.7226 289.4373 15.30405749 90174
FLOCK 4G-21
1 62651U 25009AU  26241.50210232  .00051217  00000+0  14625-2 0  9991
2 62651  97.3952 324.0503 0002913  82.9064 277.2511 15.35845760 90196
FLOCK 4G-31
1 62652U 25009AV  26241.67658687  .00011577  00000+0  39654-3 0  9995
2 62652  97.3937 322.8817 0002961  79.3626 280.7948 15.30365605 90149
FLOCK 4G-4
1 62659U 25009BC  26241.54144176  .00047282  00000+0  13835-2 0  9995
2 62659  97.3907 322.7913 0003861  71.0149 289.1512 15.35096962147749
FLOCK 4G-6
1 62660U 25009BD  26241.45859473  .00013102  00000+0  44339-3 0  9998
2 62660  97.3910 322.5250 0004650  80.9303 279.2464 15.30722473147705
FLOCK 4G-2
1 62661U 25009BE  26241.50634704  .00012528  00000+0  41884-3 0  9996
2 62661  97.3974 323.2817 0005411  74.1920 285.9917 15.31123100147743
FLOCK 4G-5
1 62663U 25009BG  26241.68217544  .00011573  00000+0  38179-3 0  9998
2 62663  97.3998 323.9042 0004456  63.1753 296.9943 15.31577861 90181
FLOCK 4G-1
1 62666U 25009BK  26241.69082372  .00012851  00000+0  43090-3 0  9999
2 62666  97.3990 323.4446 0005463  70.6372 289.5459 15.31022330 90151
FLOCK 4G-14
1 62667U 25009BL  26241.47413784  .00013270  00000+0  45131-3 0  9995
2 62667  97.3992 322.9947 0005571  67.5024 292.6806 15.30552802 90100
FLOCK 4G-10
1 62670U 25009BP  26241.22029740  .00014342  00000+0  48576-3 0  9994
2 62670  97.3892 321.9863 0005795  82.1236 278.0663 15.30667827147707
FLOCK 4G-36
1 62675U 25009BU  26241.54227644  .00012487  00000+0  42359-3 0  9998
2 62675  97.3979 322.9840 0005882  70.5605 289.6271 15.30651263 90114
FLOCK 4G-15
1 62678U 25009BX  26241.48026187  .00013194  00000+0  44560-3 0  9995
2 62678  97.3982 323.0744 0005984  67.8909 292.2967 15.30778580147752
FLOCK 4G-30
1 62679U 25009BY  26241.66108036  .00054178  00000+0  14780-2 0  9997
2 62679  97.3870 323.0724 0003350  78.1841 281.9779 15.37255309147811
FLOCK 4G-18
1 62680U 25009BZ  26241.66506506  .00048077  00000+0  13980-2 0  9995
2 62680  97.3977 323.4022 0005541  79.1440 281.0426 15.35281259147794
FLOCK 4G-17
1 62681U 25009CA  26241.69855647  .00012134  00000+0  40860-3 0  9995
2 62681  97.3889 322.7155 0006004  79.5266 280.6651 15.30895715147799
FLOCK 4G-33
1 62685U 25009CE  26241.69583596  .00006657  00000+0  25953-3 0  9999
2 62685  97.3912 320.7482 0006964  76.8490 283.3525 15.26260000 90015
PELICAN-3
1 65315U 25188A   26240.64291607  .00005987  00000+0  14685-3 0  9998
2 65315  97.1938 315.7210 0001549  79.8101 280.3321 15.41079162 56470
PELICAN-4
1 65316U 25188B   26241.65295406  .00008576  00000+0  21067-3 0  9991
2 65316  97.1951 316.8318 0002092 132.6491 227.4932 15.40898404 56625
PELICAN-5
1 66667U 25276B   26241.70175406  .00006602  00000+0  19629-3 0  9991
2 66667  97.4082 316.8407 0000933  16.5630 343.5644 15.35088896 41780
PELICAN-6
1 66703U 25276AP  26241.16082492  .00017239  00000+0  53201-3 0  9996
2 66703  97.3580 315.9192 0001025   5.6707 354.4547 15.33631125 41703
FLOCK 4H-1
1 66704U 25276AQ  26241.14295448  .00006713  00000+0  30308-3 0  9990
2 66704  97.4132 313.6920 0003535  79.8957 280.2677 15.21302108 41523
FLOCK 4H-2
1 66705U 25276AR  26241.63388684  .00007769  00000+0  34676-3 0  9994
2 66705  97.4124 314.2422 0002876  85.3179 274.8385 15.21641587 41605
FLOCK 4H-3
1 66706U 25276AS  26241.45333333  .00007923  00000+0  36308-3 0  9992
2 66706  97.4196 313.9692 0005659 103.2281 256.9586 15.20724219 41557
FLOCK 4H-4
1 66707U 25276AT  26241.16623045  .00007610  00000+0  35080-3 0  9992
2 66707  97.4180 313.5309 0006268 104.6100 255.5830 15.20530276 41504
FLOCK 4H-5
1 66708U 25276AU  26241.19956148  .00006565  00000+0  29612-3 0  9991
2 66708  97.4129 313.7713 0002485  89.9204 270.2317 15.21344664 41538
FLOCK 4H-6
1 66709U 25276AV  26241.64845793  .00006697  00000+0  30420-3 0  9990
2 66709  97.4179 314.2687 0004819  84.4654 275.7131 15.21087466 41596
FLOCK 4H-7
1 66710U 25276AW  26241.63675823  .00007435  00000+0  33940-3 0  9997
2 66710  97.4136 313.9745 0003862 117.5854 242.5774 15.20884709 41587
FLOCK 4H-8
1 66711U 25276AX  26241.49277010  .00007864  00000+0  35753-3 0  9998
2 66711  97.4177 314.0139 0005004 112.8123 247.3641 15.21000733 41561
FLOCK 4H-9
1 66712U 25276AY  26241.43153694  .00008134  00000+0  36633-3 0  9993
2 66712  97.4168 314.0637 0004915  89.2604 270.9195 15.21313808 41562
FLOCK 4H-10
1 66713U 25276AZ  26241.67306856  .00007227  00000+0  33219-3 0  9999
2 66713  97.4143 313.9521 0006146 104.1793 256.0125 15.20646424 41582
FLOCK 4H-12
1 66715U 25276BB  26241.15478642  .00007388  00000+0  33297-3 0  9991
2 66715  97.4141 313.7130 0003782  84.8251 275.3417 15.21327154 41835
FLOCK 4H-13
1 66716U 25276BC  26241.18883169  .00006800  00000+0  30623-3 0  9997
2 66716  97.4177 313.9452 0002589  78.4044 281.7483 15.21385900 41531
FLOCK 4H-14
1 66717U 25276BD  26241.66144174  .00008209  00000+0  36348-3 0  9992
2 66717  97.4158 314.4790 0002439  80.0316 280.1195 15.21899205 40863
FLOCK 4H-15
1 66718U 25276BE  26241.18683179  .00026027  00000+0  11809-2 0  9995
2 66718  97.4171 313.4818 0005335 116.2389 243.9395 15.20776764 41503
FLOCK 4H-16
1 66719U 25276BF  26241.15357523  .00007429  00000+0  34142-3 0  9995
2 66719  97.4188 313.5823 0006009 106.1462 254.0435 15.20644895 41505
FLOCK 4H-18
1 66721U 25276BH  26241.42464856  .00007735  00000+0  35599-3 0  9993
2 66721  97.4131 313.6252 0005388 121.0509 239.1256 15.20583971 41546
FLOCK 4H-19
1 66722U 25276BJ  26241.52103157  .00006379  00000+0  28472-3 0  9994
2 66722  97.4130 314.2608 0002805  67.4740 292.6793 15.21717812 40889
FLOCK 4H-20
1 66723U 25276BK  26241.18859932  .00007280  00000+0  32229-3 0  9993
2 66723  97.4171 314.0750 0003941  66.6003 293.5648 15.21943127 40795
FLOCK 4H-21
1 66724U 25276BL  26241.16613791  .00006844  00000+0  30680-3 0  9997
2 66724  97.4136 313.8293 0003807  69.7641 290.4004 15.21540349 40789
FLOCK 4H-22
1 66725U 25276BM  26241.15985752  .00008046  00000+0  36531-3 0  9993
2 66725  97.4127 313.4942 0004170 119.2536 240.9117 15.21040353 41512
FLOCK 4H-23
1 66726U 25276BN  26241.42471066  .00007640  00000+0  35184-3 0  9994
2 66726  97.4195 313.8484 0006140  99.6694 260.5235 15.20561189 41544
FLOCK 4H-24
1 66727U 25276BP  26241.66927691  .00007679  00000+0  35237-3 0  9992
2 66727  97.4190 314.1236 0005623 110.4487 249.7353 15.20687805 41584
FLOCK 4H-25
1 66728U 25276BQ  26241.45049296  .00006664  00000+0  29977-3 0  9993
2 66728  97.4143 314.1009 0002112  84.5720 275.5757 15.21434840 40856
FLOCK 4H-26
1 66729U 25276BR  26241.64544705  .00007018  00000+0  32502-3 0  9992
2 66729  97.4143 313.8355 0006531 109.7600 250.4341 15.20394465 41571
FLOCK 4H-27
1 66730U 25276BS  26241.15758736  .00006689  00000+0  30246-3 0  9997
2 66730  97.4121 313.6392 0002321  89.3467 270.8035 15.21254494 41524
FLOCK 4H-29
1 66732U 25276BU  26241.35754598  .00007713  00000+0  35555-3 0  9990
2 66732  97.4124 313.5317 0004985 117.3969 242.7774 15.20528332 41535
FLOCK 4H-30
1 66733U 25276BV  26241.67454624  .00008027  00000+0  36829-3 0  9997
2 66733  97.4184 314.0966 0005904 109.9949 250.1923 15.20672612 41580
FLOCK 4H-31
1 66734U 25276BW  26241.63688329  .00006943  00000+0  32141-3 0  9993
2 66734  97.4118 313.7649 0005354 114.7664 245.4129 15.20419148 41576
FLOCK 4H-32
1 66735U 25276BX  26241.35795099  .00007578  00000+0  34925-3 0  9993
2 66735  97.4177 313.7281 0006292 107.9988 252.1933 15.20536747 41538
FLOCK 4H-33
1 66736U 25276BY  26241.48019730  .00007355  00000+0  32837-3 0  9992
2 66736  97.4173 314.3159 0003431  65.6334 294.5260 15.21651682 41588
FLOCK 4H-34
1 66737U 25276BZ  26241.67446003  .00007229  00000+0  32585-3 0  9991
2 66737  97.4190 314.4176 0003792  70.8537 289.3109 15.21328864 40857
FLOCK 4H-35
1 66738U 25276CA  26241.64700215  .00007011  00000+0  31522-3 0  9996
2 66738  97.4147 314.3105 0003048  64.0505 296.1045 15.21428802 40897
FLOCK 4H-36
1 66739U 25276CB  26241.62614485  .00007979  00000+0  36024-3 0  9993
2 66739  97.4197 314.3600 0004072  77.3000 282.8690 15.21240674 41593
EDDA-1
1 69017U 26100AP  26241.23496146  .00012634  00000+0  51465-3 0  9991
2 69017  97.3666 137.9515 0001705  99.5626 260.5804 15.24609991 17934
PELICAN-8
1 69018U 26100AQ  26241.14246336  .00022419  00000+0  86201-3 0  9994
2 69018  97.3337 137.7969 0002979 131.3280 228.8216 15.26415207 17937
PELICAN-9
1 69019U 26100AR  26241.66234456  .00028825  00000+0  11285-2 0  9998
2 69019  97.2978 137.9598 0003413 107.5595 252.6017 15.25758935 17993
PELICAN-11
1 69871U 26156C   26239.70388153  .00000253  00000+0  29423-4 0  9991
2 69871  97.7531 139.3229 0001411 266.7944  93.3114 14.93480977  7470
LEMUR-1
1 40044U 14033AL  26241.85650941  .00001996  00000+0  23304-3 0  9995
2 40044  97.7978  30.0795 0047726 194.7605 165.2220 14.85469424656409
LEMUR-2-GREENBERG
1 42837U 17042N   26241.48394625  .00018905  00000+0  58598-3 0  9994
2 42837  97.3851  61.9061 0009840 101.5572 258.6776 15.33426927499616
LEMUR-2-ANDIS
1 42838U 17042P   26241.45998858  .00031695  00000+0  85691-3 0  9995
2 42838  97.3697  62.3473 0009086 100.4734 259.7535 15.37623419499701
LEMUR-2-MONSON
1 42839U 17042Q   26241.46019965  .00020103  00000+0  69518-3 0  9992
2 42839  97.4115  61.7325 0007762  93.1461 267.0668 15.29907626499368
LEMUR-2-FURIAUS
1 42840U 17042R   26241.46100851  .00023387  00000+0  74645-3 0  9993
2 42840  97.3797  59.6742 0007491 152.2664 207.8979 15.32466946499428
LEMUR-2-PETERG
1 42841U 17042S   26241.48625219  .00030416  00000+0  84581-3 0  9997
2 42841  97.4001  66.8058 0004933  82.4104 277.7700 15.36786368499682
LEMUR-2-DEMBITZ
1 42842U 17042T   26241.48247543  .00017360  00000+0  55691-3 0  9991
2 42842  97.3842  62.7652 0007606 112.0811 248.1239 15.32364181499562
LEMUR-2-ZACHARY
1 42845U 17042W   26241.81200184  .00072932  00000+0  10022-2 0  9995
2 42845  97.3545  75.3618 0003798 103.8694 256.2984 15.57055362500635
LEMUR-2-AMANDA-SVANTE
1 48269U 21034B   26241.68986593  .00042753  00000+0  11178-2 0  9998
2 48269  97.5712 322.1302 0001999  29.8142 330.3216 15.38633958292348
LEMUR-2-EMBRIONOVIS
1 56970U 23084AQ  26241.83065229  .00015153  00000+0  39006-3 0  9999
2 56970  97.6388  28.9973 0009424  57.9845 302.2314 15.39294095179004
LEMUR-2-DEVERILL-M-T
1 57391U 23100F   26241.58611435  .00034430  00000+0  77561-3 0  9991
2 57391  99.4402 301.7482 0006674 144.9179 215.2503 15.43194288172551
LEMUR-2-BASS
1 58259U 23174D   26241.69254400  .00019995  00000+0  42070-3 0  9999
2 58259  97.3822 327.5396 0005122 258.0403 102.0272 15.45320786156703
LEMUR-2-JK0903EM1407
1 58336U 23174CJ  26241.51178945  .00034124  00000+0  50434-3 0  9999
2 58336  97.3910 334.2345 0004190 189.0832 171.0347 15.55249295157110
LEMUR-2-MJR092620
1 58340U 23174CN  26241.68026551  .00023382  00000+0  45828-3 0  9992
2 58340  97.3962 333.1900 0005328 195.2535 164.8555 15.47361019157009
LEMUR-2-NIMBUS2000
1 58899U 24022A   26241.56518698  .00025860  00000+0  59076-3 0  9992
2 58899  97.4022  92.6134 0007470 201.2988 158.7950 15.42810324143573
LEMUR-2-VALHALLA
1 58900U 24022B   26241.53077626  .00017732  00000+0  42165-3 0  9993
2 58900  97.4022  92.4877 0008092 198.2151 161.8807 15.41676923143565
LEMUR-2-CAEL
1 58903U 24022E   26241.53933853  .00018599  00000+0  42097-3 0  9995
2 58903  97.4000  93.5696 0007114 176.9202 183.2091 15.43157389143643
LEMUR-2-JOHNNYTRUONG
1 59146U 24043BA  26241.70061962  .00054533  00000+0  53133-3 0  9991
2 59146  97.5430  38.2987 0002890 260.6847  99.4085 15.66081481139529
LEMUR-2-TOMATOKECHUP
1 60471U 24149D   26241.68765782  .00013060  00000+0  35816-3 0  9997
2 60471  97.3767 323.9785 0001466  33.3217 326.8120 15.37407223113452
LEMUR-2-STELLA
1 60533U 24149BT  26241.51537154  .00013494  00000+0  76304-3 0  9996
2 60533  97.6709 324.3524 0001821 109.3721 250.7706 15.13200630111589
LEMUR-2-MARHISYAM
1 60536U 24149BW  26241.45947769  .00012297  00000+0  70955-3 0  9995
2 60536  97.6852 324.8129 0001462 176.1869 183.9373 15.12498165111558
LEMUR-2-AHMED-ASRAR
1 60576U 24149DN  26241.48438967  .00013024  00000+0  71717-3 0  9993
2 60576  97.6983 327.2290 0003529 103.2240 256.9385 15.14157794111650
LEMUR-2-LLOYD
1 60577U 24149DP  26241.53814728  .00010078  00000+0  61591-3 0  9998
2 60577  97.6713 322.7580 0002192 242.9519 117.1487 15.10464504111465
LEMUR-2-SQUIRRELCOMM
1 60578U 24149DQ  26241.46772686  .00006158  00000+0  40559-3 0  9992
2 60578  97.6675 322.1707 0006241 148.1064 212.0542 15.07871166111446
LEMUR-2-SIERRINI
1 60579U 24149DR  26241.82580278  .00010470  00000+0  60773-3 0  9999
2 60579  97.6815 324.8046 0003233 287.6370  72.4507 15.12322062111581
LEMUR-2-WILSON
1 62694U 25009CP  26241.63740927  .00002414  00000+0  22351-3 0  9992
2 62694  97.6984 318.8082 0004346 133.4449 226.7134 14.95429550 88338
LEMUR-2-STAR-FOX
1 62696U 25009CR  26241.66084589  .00008837  00000+0  65440-3 0  9993
2 62696  97.6883 322.7561 0001733 180.1627 179.9598 15.03370912 88596
LEMUR-2-ARIANNA
1 62699U 25009CU  26241.65904017  .00007657  00000+0  56756-3 0  9991
2 62699  97.6822 322.4721 0001622 194.7786 165.3392 15.03380582 88596
LEMUR-2-ALISIA
1 62706U 25009DB  26241.22223223  .00008223  00000+0  60352-3 0  9993
2 62706  97.6939 322.9355 0002619  33.3917 326.7473 15.03729502111132
LEMUR-2-ROUNDTRIPPER
1 62711U 25009DG  26241.66102316  .00010108  00000+0  71990-3 0  9991
2 62711  97.7199 324.2731 0002627 237.5395 122.5577 15.04802670 88675
LEMUR-2-MYNAMEISJEFF
1 62712U 25009DH  26241.65932292  .00009560  00000+0  68095-3 0  9997
2 62712  97.7251 324.6983 0001348 301.1971  58.9122 15.04815647 88671
LEMUR-2-LEIA-PHILIP
1 63246U 25052AN  26241.64254425  .00003711  00000+0  32311-3 0  9996
2 63246  97.6719 132.3228 0003677  11.8358 348.2950 14.97521420 79666
LEMUR-2-LIA-MARTIN
1 63248U 25052AQ  26241.68153598  .00004074  00000+0  34699-3 0  9995
2 63248  97.6769 132.9646 0002641 326.9135  33.1922 14.98328164 79688
LEMUR-2-DELOITTE-1
1 63259U 25052BB  26241.26926427  .00003076  00000+0  26516-3 0  9990
2 63259  97.6821 132.8894 0001201 110.9785 249.1566 14.98042997 79631
LEMUR-2-EMERSONROSE
1 63261U 25052BD  26241.23828954  .00003796  00000+0  31367-3 0  9995
2 63261  97.6767 133.5622 0003347 149.1959 210.9461 14.99535766 79687
LEMUR-2-MARACHE-FRAN
1 63262U 25052BE  26241.62955159  .00005174  00000+0  41344-3 0  9995
2 63262  97.6695 134.3499 0010543 105.9068 254.3319 15.00632637 79778
LEMUR-2-THEFALCONER
1 63264U 25052BG  26241.64087365  .00001690  00000+0  14894-3 0  9993
2 63264  97.6745 132.7932 0003602 102.8417 257.3208 14.97761990 79682
LEMUR-2-UNTITLED-SC
1 63351U 25061A   26241.86213791  .00003885  00000+0  21723-3 0  9995
2 63351  97.5715 216.7378 0019124  16.7457 343.4401 15.13924895 78736
LEMUR-2-ESPERANZA
1 63352U 25061B   26241.43775657  .00003831  00000+0  21373-3 0  9995
2 63352  97.5720 216.4276 0018766  17.5787 342.6090 15.14025668 78672
LEMUR-2-KREMPEL-BRO2
1 63353U 25061C   26241.44374296  .00003846  00000+0  21184-3 0  9997
2 63353  97.5767 217.0603 0019389   9.8566 350.3042 15.14466697 78692
LEMUR-2-THERMORAPTOR
1 63354U 25061D   26241.88434829  .00004451  00000+0  24407-3 0  9999
2 63354  97.5774 217.5888 0019042   7.2470 352.9034 15.14550864 78760
LEMUR-2-NEUROSPICY
1 63355U 25061E   26241.45392720  .00004048  00000+0  22176-3 0  9999
2 63355  97.5700 216.7299 0017080  12.9600 347.2068 15.14666852 78708
LEMUR-2-TILLINFINITY
1 63356U 25061F   26241.85684058  .00004016  00000+0  21628-3 0  9998
2 63356  97.5684 217.4734 0017799 359.3837   0.7370 15.15271558 78791
LEMUR-2-KREMPEL-BRO1
1 63357U 25061G   26241.44370617  .00003999  00000+0  21657-3 0  9998
2 63357  97.5684 216.9572 0018554   1.6154 358.5135 15.15062055 78721
LEMUR-2-LANGER2SPACE
1 63358U 25061H   26241.88142307  .00004415  00000+0  24097-3 0  9995
2 63358  97.5693 217.1770 0016860   9.7777 350.3780 15.14752073 78779
LEMUR-2-BALTO
1 63395U 25052BH  26241.67935779  .00004042  00000+0  32415-3 0  9995
2 63395  97.6760 134.4472 0008735 164.4696 195.6797 15.00638897 79789
LEMUR-2-KRISH
1 64561U 25135AK  26241.75797912  .00004284  00000+0  37932-3 0  9994
2 64561  97.7813 356.1784 0001487  91.4008 268.7384 14.96798288 64926
LEMUR-2-HUBBLE-4
1 64565U 25135AP  26241.55997671  .00001098  00000+0  10920-3 0  9998
2 64565  97.7752 354.6405 0003629  63.5424 296.6168 14.93700118 64828
LEMUR-2-SEJONG-2
1 64586U 25135BL  26241.89879954  .00003466  00000+0  30434-3 0  9994
2 64586  97.7753 356.4656 0005648  82.3871 277.7992 14.97237943 64974
LEMUR-2-HUBBLE-5
1 64840U 25135BT  26241.75237461  .00001361  00000+0  13189-3 0  9993
2 64840  97.7773 355.5519 0007077  93.9192 266.2838 14.94327768 64894
LEMUR-2-KARENDARRELL
1 64841U 25135BU  26241.86790036  .00007233  00000+0  56970-3 0  9997
2 64841  97.7828 358.0529 0011723 324.9316  35.1135 15.01044799 65065
LEMUR-2-LUCILLE-ROSE
1 65403U 25135BV  26241.30862581  .00010469  00000+0  82131-3 0  9999
2 65403  97.7667 357.4781 0014421  54.3938 305.8627 15.01050533 59605
LEMUR-2-AFFIE-WAUWIE
1 66295U 25248C   26241.58347330  .00020289  00000+0  70107-3 0  9995
2 66295  45.3906  76.5455 0006882 165.8550 194.2533 15.29661261 45828
OTTER SDM
1 66678U 25276N   26241.64398036  .00006639  00000+0  30635-3 0  9992
2 66678  97.4159 313.9200 0007301 101.0916 259.1140 15.20535881 41574
LEMUR-2-STAS-GORBUK
1 66686U 25276W   26241.67852812  .00005895  00000+0  27625-3 0  9999
2 66686  97.4197 313.9965 0006926  99.9626 260.2391 15.20053087 41572
LEMUR-2-TEODOR
1 66768U 25276DG  26241.64692990  .00005535  00000+0  24730-3 0  9991
2 66768  97.4102 314.2957 0001024 109.3206 250.8141 15.21743856 41612
LEMUR-2-LAILA
1 66776U 25276DQ  26241.67561735  .00005931  00000+0  26297-3 0  9995
2 66776  97.4126 314.4927 0000483  81.0200 279.1090 15.21977426 41624
LEMUR-2-CELIJO-SB-PK
1 66781U 25276DV  26241.79798257  .00006797  00000+0  54053-3 0  9997
2 66781  97.5156 310.1396 0002524 302.7484  57.3497 15.00732166 33661
LEMUR-2-FINNIAN
1 66782U 25276DW  26241.62725603  .00002022  00000+0  16324-3 0  9991
2 66782  97.5290 310.3536 0009896 191.1665 168.9341 15.00896070 31018
LEMUR-2-STARLIGHT
1 66783U 25276DX  26241.17733793  .00005227  00000+0  42708-3 0  9996
2 66783  97.5180 309.3388 0014987 244.9483 115.0185 14.99714689 41137
LEMUR-2-TARTIFLETTE
1 66784U 25276DY  26241.64277947  .00004674  00000+0  38239-3 0  9992
2 66784  97.5183 309.7978 0013871 251.6969 108.2746 14.99727492 41206
LEMUR-2-VUKASIN
1 66785U 25276DZ  26241.44449339  .00003984  00000+0  31751-3 0  9992
2 66785  97.5087 309.9947 0004522 173.5304 186.5980 15.00882133 41134
LEMUR-2-HOTSPUR-TOM
1 66786U 25276EA  26241.64016400  .00004977  00000+0  40784-3 0  9993
2 66786  97.5175 309.7544 0013930 246.9286 113.0469 14.99637993 41137
LEMUR-2-MYRA
1 66787U 25276EB  26241.74222847  .00003141  00000+0  25088-3 0  9991
2 66787  97.5288 310.2629 0015686 262.2157  97.7286 15.00874238 41247
LEMUR-2 FIKRETDENGIZ
1 67363U 26004A   26241.47116355  .00004019  00000+0  43497-3 0  9997
2 67363  97.8070 238.9457 0006895 256.8782 103.1666 14.88803332 34181
TWILIGHT-1 OBJECT B
1 67364U 26004B   26241.46550675  .00001495  00000+0  16914-3 0  9993
2 67364  97.8116 238.9093 0007089 244.9046 115.1435 14.87918725 34185
LEMUR-2-MARIO-SOUSA
1 67365U 26004C   26241.44427532  .00003173  00000+0  34271-3 0  9998
2 67365  97.8038 238.9126 0006458 257.6586 102.3909 14.89030908 34190
LEMUR-2-SONNENBLUME
1 67367U 26004E   26241.45723139  .00002422  00000+0  26554-3 0  9994
2 67367  97.8035 238.8736 0006245 260.2842  99.7670 14.88644826 34197
LEMUR-2-WOBLER
1 67368U 26004F   26241.43779656  .00003413  00000+0  36868-3 0  9998
2 67368  97.8086 239.0558 0006322 247.0405 113.0145 14.88977564 34198
LEMUR-2-GRAM-E-SUE
1 67370U 26004H   26241.43458552  .00004074  00000+0  44095-3 0  9995
2 67370  97.8022 238.8696 0005252 263.1917  96.8702 14.88798168 34197
LEMUR-2-KATIE
1 67387U 26004AA  26241.47353642  .00004761  00000+0  49239-3 0  9999
2 67387  97.8077 239.6142 0002502 171.9863 188.1395 14.90563758 34226
LEMUR-2-HCS-BAZUS
1 67388U 26004AB  26241.60616460  .00004636  00000+0  47964-3 0  9999
2 67388  97.8064 239.7163 0002437 161.5962 198.5344 14.90562361 34249
NSS-11
1 26554U 00059A   26241.77046840  .00000028  00000+0  00000+0 0  9995
2 26554   2.3089  80.4497 0003053  81.0792 269.8213  1.00272548 42024
AMC-6
1 26580U 00067A   26241.72407868  .00000090  00000+0  00000+0 0  9998
2 26580   0.3335  83.9204 0004156  77.6860 301.9462  1.00272426 94634
AMC-15
1 28446U 04041A   26241.60000257 -.00000087  00000+0  00000+0 0  9992
2 28446   0.0618 287.4882 0002191 218.5487 302.7244  1.00271064 80032
NSS-10
1 28526U 05003A   26241.81473242 -.00000247  00000+0  00000+0 0  9999
2 28526   6.6285  69.5300 0003021  89.9370  74.4197  1.00272063 53895
ASTRA 1KR
1 29055U 06012A   26241.82591247  .00000122  00000+0  00000+0 0  9996
2 29055   0.6565  82.8841 0003478  77.6501 133.8274  1.00273349 46438
ASTRA 1L
1 31306U 07016A   26241.74600544 -.00000182  00000+0  00000+0 0  9992
2 31306   1.5040  80.8672 0005093  76.7900  64.3563  1.00271002 45720
ASTRA 4A
1 32299U 07057A   26241.75181213  .00000035  00000+0  00000+0 0  9993
2 32299   0.0649 282.5034 0002419 235.8426  95.0807  1.00272327 52387
ASTRA 1M
1 33436U 08057A   26241.82599912  .00000123  00000+0  00000+0 0  9993
2 33436   0.4787  82.8002 0003924  78.0317 133.9416  1.00271334 46470
NSS-9
1 33749U 09008A   26241.78708564  .00000074  00000+0  00000+0 0  9992
2 33749   1.4442  81.8250 0002166  67.4684 295.1281  1.00272785 64265
SES-7 (PROTOSTAR 2)
1 34941U 09027A   26241.55845797 -.00000343  00000+0  00000+0 0  9993
2 34941   0.0470  79.7259 0000638 127.3064  80.0364  1.00270776 63362
NSS-12
1 36032U 09058A   26241.84812975  .00000074  00000+0  00000+0 0  9994
2 36032   0.0554 289.1818 0003756 193.1143 218.0866  1.00272516 61653
SES-1
1 36516U 10016A   26241.65959843 -.00000112  00000+0  00000+0 0  9996
2 36516   0.0591 293.9531 0002524 230.0261 310.3464  1.00271947 59777
ASTRA 3B
1 36581U 10021A   26241.82263462  .00000140  00000+0  00000+0 0  9998
2 36581   1.6537  82.5652 0003780  52.0789 163.0061  1.00272042 59609
SES-3
1 37748U 11035A   26241.59931133 -.00000100  00000+0  00000+0 0  9998
2 37748   1.5089  82.1797 0002378  89.4582 278.9214  1.00272099 55333
ASTRA 1N
1 37775U 11041A   26241.32694168  .00000122  00000+0  00000+0 0  9993
2 37775   0.0732  23.6290 0005134 115.4294 335.3663  1.00273096 45268
SES-2
1 37809U 11049A   26241.44853552 -.00000194  00000+0  00000+0 0  9996
2 37809   0.2385  88.5301 0002915  71.6784 251.9180  1.00270492 54697
QUETZSAT 1
1 37826U 11054A   26241.80693237  .00000000  00000+0  00000+0 0  9998
2 37826   0.0200 112.4690 0002796  58.2133  20.8212  1.00269186 50619
SES-4
1 38087U 12007A   26241.74652545 -.00000166  00000+0  00000+0 0  9991
2 38087   0.0226  39.0353 0002640 120.2464  65.4256  1.00272556 52960
SES-5
1 38652U 12036A   26241.25284317  .00000000  00000+0  00000+0 0  9991
2 38652   0.0139   1.9654 0002155 159.8198 271.6832  1.00270381 45187
ASTRA 2F
1 38778U 12051A   26241.72969748  .00000152  00000+0  00000+0 0  9995
2 38778   0.0786 261.3898 0003961 296.5925  70.8292  1.00273230 41876
SES-6
1 39172U 13026A   26241.81412574  .00000000  00000+0  00000+0 0  9999
2 39172   0.0226 261.9183 0002140 256.0858  72.6032  1.00268305 48462
O3B FM5
1 39188U 13031A   26241.59968793 -.00000015  00000+0  00000+0 0  9993
2 39188   0.0866 322.0045 0002565 181.4551 216.5591  5.00115671240719
O3B FM4
1 39189U 13031B   26241.51923448 -.00000015  00000+0  00000+0 0  9994
2 39189   0.0390 351.8888 0004599 140.7339 227.4172  5.00115956240710
O3B FM2
1 39190U 13031C   26241.78455830 -.00000015  00000+0  00000+0 0  9990
2 39190   0.0337 353.6223 0002653 160.5694 205.8229  5.00116400240784
O3B PFM
1 39191U 13031D   26241.79868229 -.00000015  00000+0  00000+0 0  9992
2 39191   0.0628 338.9660 0005032 157.8945 223.1803  5.00116270240349
ASTRA 2E
1 39285U 13056A   26241.82781912  .00000153  00000+0  00000+0 0  9992
2 39285   0.0949 302.2410 0002289 209.1195 153.1613  1.00271017 47157
SES-8
1 39460U 13071A   26241.84099251 -.00000267  00000+0  00000+0 0  9991
2 39460   0.0572 276.0224 0002425 215.1932 244.5928  1.00271870 45163
ASTRA 5B
1 39617U 14011B   26241.82253550  .00000139  00000+0  00000+0 0  9999
2 39617   0.1046 292.2164 0002613 244.7127 120.7069  1.00269724 45403
O3B FM3
1 40079U 14038A   26241.66550660 -.00000015  00000+0  00000+0 0  9990
2 40079   0.0485 352.5504 0003317 210.9493 156.4864  5.00115807216724
O3B FM7
1 40080U 14038B   26241.61164547 -.00000015  00000+0  00000+0 0  9992
2 40080   0.0420 345.6686 0003083 134.4934 239.8697  5.00115767221551
O3B FM6
1 40081U 14038C   26241.83849541 -.00000015  00000+0  00000+0 0  9991
2 40081   0.0460 350.6065 0002580 166.6109 202.7954  5.00115814221508
O3B FM8
1 40082U 14038D   26241.69180875 -.00000015  00000+0  00000+0 0  9994
2 40082   0.0452 349.7232 0002766 167.4241 202.8662  5.00116163221614
O3B FM10
1 40348U 14083A   26241.51921750 -.00000015  00000+0  00000+0 0  9995
2 40348   0.0496 343.2002 0002705 173.1295 203.6839  5.00115993213567
O3B FM11
1 40349U 14083B   26241.53187938 -.00000015  00000+0  00000+0 0  9990
2 40349   0.0547 347.9236 0002296 153.5131 218.5808  5.00115559213571
O3B FM12
1 40350U 14083C   26241.75871781 -.00000015  00000+0  00000+0 0  9992
2 40350   0.0539 348.5047 0002437 168.4131 203.0944  5.00116009213596
O3B FM9
1 40351U 14083D   26240.98597521 -.00000016  00000+0  00000+0 0  9995
2 40351   0.0551 346.7825 0002625 167.9274 205.3038  5.00116114213716
ASTRA 2G
1 40364U 14089A   26241.72969750  .00000152  00000+0  00000+0 0  9995
2 40364   0.0544 325.8816 0002933 131.9022 171.0369  1.00270640 42700
SES-9
1 41380U 16013A   26241.76085294 -.00000343  00000+0  00000+0 0  9992
2 41380   0.0064 173.3280 0001988 314.7096 232.1282  1.00271916 38174
SES-10
1 42432U 17017A   26241.80892573 -.00000270  00000+0  00000+0 0  9996
2 42432   0.0129  66.5696 0002811  94.0422  41.7291  1.00272205 34493
SES-15
1 42709U 17026A   26241.65396506  .00000062  00000+0  00000+0 0  9999
2 42709   0.0366 284.9174 0000338 219.1125 300.0770  1.00267926  8164
SES-11 (ECHOSTAR 105)
1 42967U 17063A   26241.65881840 -.00000087  00000+0  00000+0 0  9994
2 42967   0.0211  18.9576 0002672 120.0349 331.0935  1.00271827 32463
SES-14
1 43175U 18012B   26241.74141211 -.00000276  00000+0  00000+0 0  9992
2 43175   0.0141  63.5544 0001222  93.9590  39.8469  1.00272272  7769
O3B FM15
1 43231U 18024A   26241.45259552 -.00000015  00000+0  00000+0 0  9995
2 43231   0.0557 356.3873 0002574 161.4142 202.2108  5.00115855154683
O3B FM16
1 43232U 18024B   26241.70479082 -.00000015  00000+0  00000+0 0  9996
2 43232   0.0577   0.0153 0002569 156.6722 203.3255  5.00116041154610
O3B FM14
1 43233U 18024C   26241.54573634 -.00000015  00000+0  00000+0 0  9997
2 43233   0.0570   1.4670 0002821 155.0518 203.4953  5.00115855154629
O3B FM13
1 43234U 18024D   26241.41174551 -.00000015  00000+0  00000+0 0  9999
2 43234   0.0583 342.6954 0001295 105.0990 272.2214  5.00115711154728
SES-12
1 43488U 18049A   26241.84099251  .00000000  00000+0  00000+0 0  9990
2 43488   0.0163 108.8330 0001904 127.8187 139.1506  1.00268566 30158
O3B FM20
1 44112U 19020A   26241.77170461 -.00000015  00000+0  00000+0 0  9997
2 44112   0.0541 353.1175 0002250 161.4832 205.4117  5.00115709135246
O3B FM19
1 44113U 19020B   26241.79867392 -.00000015  00000+0  00000+0 0  9996
2 44113   0.0746 330.6403 0003099 164.7947 224.5912  5.00116199135118
O3B FM17
1 44114U 19020C   26241.67900067 -.00000015  00000+0  00000+0 0  9991
2 44114   0.0452  13.7474 0002547 145.0496 201.2149  5.00115683135209
O3B FM18
1 44115U 19020D   26241.82525639 -.00000015  00000+0  00000+0 0  9997
2 44115   0.0545 352.8102 0002742 165.9635 201.2390  5.00115446135329
SES-17
1 49332U 21095A   26241.80883905 -.00000270  00000+0  00000+0 0  9992
2 49332   0.0252  60.0208 0001152  99.1923  42.8858  1.00269682 18592
SES-22
1 52933U 22071A   26241.72329868  .00000000  00000+0  00000+0 0  9992
2 52933   0.0181 140.7553 0001121  25.7075 292.8548  1.00272208  8266
SES-20
1 53960U 22123A   26241.65916508 -.00000099  00000+0  00000+0 0  9995
2 53960   0.0141  96.6350 0001914   8.6408   6.7903  1.00270872 14277
SES-21
1 53961U 22123B   26241.65361838  .00000071  00000+0  00000+0 0  9995
2 53961   0.0298  60.3985 0000962 101.0047 280.7697  1.00270382  7948
O3B MPOWER F1
1 54755U 22174A   26241.51136912 -.00000015  00000+0  00000+0 0  9990
2 54755   0.0448 339.1867 0006871 185.5274 209.7173  5.00114475 69028
O3B MPOWER F2
1 54756U 22174B   26241.66996053 -.00000015  00000+0  00000+0 0  9997
2 54756   0.0412 342.2601 0005574 169.6597 208.1116  5.00114663 69121
SES-18
1 55970U 23038A   26241.59931161 -.00000099  00000+0  00000+0 0  9999
2 55970   0.0559 281.9353 0001669 288.6618 239.8618  1.00272528 12837
SES-19
1 55971U 23038B   26241.72416536  .00000089  00000+0  00000+0 0  9997
2 55971   0.0638 280.9355 0001564 233.4466 309.3694  1.00273443 12834
O3B MPOWER F4
1 56367U 23059A   26241.53424766 -.00000015  00000+0  00000+0 0  9993
2 56367   0.0614 343.7814 0007718 172.8001 203.4548  5.00115175 62269
O3B MPOWER F3
1 56368U 23059B   26241.56740296 -.00000015  00000+0  00000+0 0  9996
2 56368   0.0619 342.9020 0006483 169.2116 207.9224  5.00113804 58408
O3B MPOWER F5
1 58346U 23175A   26241.66833264 -.00000015  00000+0  00000+0 0  9992
2 58346   0.0586   4.6598 0006020 170.7787 184.5683  5.00115693 53119
O3B MPOWER F6
1 58347U 23175B   26241.36904473 -.00000016  00000+0  00000+0 0  9992
2 58347   0.0572 356.8600 0004450 164.8917 198.2654  5.00115585 52013
ASTRA 1P (SES-24)
1 60086U 24115A   26241.82591247  .00000122  00000+0  00000+0 0  9999
2 60086   0.0681 321.7360 0002441 253.6397  79.1889  1.00271266  7931
O3B MPOWER F7
1 62362U 24244A   26241.83525020 -.00000015  00000+0  00000+0 0  9990
2 62362   0.0615 335.8304 0005769 177.5523 206.6483  5.00115412 30209
O3B MPOWER F8
1 62363U 24244B   26241.20257233 -.00000016  00000+0  00000+0 0  9991
2 62363   0.0260  33.7985 0005346 112.6285 213.6079  5.00114809 24527
O3B MPOWER F9
1 64866U 25153A   26241.53566963 -.00000015  00000+0  00000+0 0  9999
2 64866   0.0658 358.6620 0007173 172.9791 188.3720  5.00115465 23231
O3B MPOWER F10
1 64867U 25153B   26241.70168698 -.00000015  00000+0  00000+0 0  9992
2 64867   0.0618 356.5403 0003966 262.9534 100.4629  5.00114909 25715
GLOBALSTAR M069
1 31573U 07020C   26241.46654265 -.00000097  00000+0 -36999-4 0  9998
2 31573  52.0041  44.7142 0001132 317.2073  76.2266 12.23473205887770
GLOBALSTAR M072
1 31574U 07020D   26241.80622235 -.00000079  00000+0  67800-4 0  9993
2 31574  51.9915 264.2542 0001362  96.3842  74.1201 11.91659959883752
GLOBALSTAR M066
1 32265U 07048C   26241.11259903 -.00000098  00000+0 -31627-4 0  9993
2 32265  51.9572 208.5641 0004557 193.7328 248.5519 12.30391401869202
GLOBALSTAR M079
1 37188U 10054A   26241.48365542 -.00000111  00000+0 -42864-4 0  9991
2 37188  52.0019 245.5465 0000449 125.7429  39.7335 12.62267241731806
GLOBALSTAR M074
1 37189U 10054B   26241.33843722 -.00000105  00000+0 -56668-5 0  9998
2 37189  51.9997 245.2436 0000151  91.5253  13.0084 12.62263003732393
GLOBALSTAR M076
1 37190U 10054C   26241.45709186 -.00000101  00000+0  17820-4 0  9999
2 37190  52.0016 245.0919 0000301 150.2892  13.6909 12.62263464732126
GLOBALSTAR M077
1 37191U 10054D   26241.77419666 -.00000057  00000+0  38029-3 0  9999
2 37191  51.9993 352.5210 0002253 314.9155 212.9318 11.67547582729737
GLOBALSTAR M075
1 37192U 10054E   26241.54568193 -.00000077  00000+0  15009-3 0  9990
2 37192  51.9947 286.8357 0000428  98.3578  49.5520 12.62260393731204
GLOBALSTAR M073
1 37193U 10054F   26241.83389926 -.00000113  00000+0 -52443-4 0  9994
2 37193  52.0043 200.1116 0000328 105.3104 271.3239 12.62267805733231
GLOBALSTAR M083
1 37739U 11033A   26241.68868226 -.00000072  00000+0  17887-3 0  9991
2 37739  51.9851 148.6836 0000532  93.8122 282.7421 12.62258682702233
GLOBALSTAR M088
1 37740U 11033B   26241.74075071 -.00000104  00000+0 -25432-6 0  9993
2 37740  52.0216  55.1273 0000780  84.7714 288.5971 12.62270175697788
GLOBALSTAR M091
1 37741U 11033C   26241.78719491 -.00000106  00000+0 -11894-4 0  9996
2 37741  52.0018  17.8441 0000896  98.6863  65.7693 12.62264613698572
GLOBALSTAR M085
1 37742U 11033D   26241.60992262 -.00000078  00000+0  14307-3 0  9995
2 37742  52.0150 329.7430 0000801 110.8246  27.5899 12.62264836699067
GLOBALSTAR M081
1 37743U 11033E   26241.72140093 -.00000086  00000+0  10166-3 0  9994
2 37743  51.9982 331.7553 0000608 119.2533  46.1572 12.62265884699222
GLOBALSTAR M089
1 37744U 11033F   26241.60226181 -.00000078  00000+0  14389-3 0  9997
2 37744  51.9930 286.2643 0000124 114.9027  50.0450 12.62263148700057
GLOBALSTAR M084
1 38040U 11080A   26241.53807365 -.00000081  00000+0  12928-3 0  9991
2 38040  52.0002 153.9761 0000296  51.3162 121.8458 12.62270272678026
GLOBALSTAR M080
1 38041U 11080B   26241.79590589 -.00000083  00000+0  11688-3 0  9991
2 38041  52.0052 154.9378 0000978  65.3642 328.1801 12.62258405678187
GLOBALSTAR M082
1 38042U 11080C   26241.64915786 -.00000071  00000+0  18316-3 0  9998
2 38042  52.0067 110.8903 0000931  81.4656 296.7332 12.62262547678879
GLOBALSTAR M092
1 38043U 11080D   26241.86127426 -.00000105  00000+0 -82741-5 0  9993
2 38043  52.0074 200.6456 0000326  59.9876 321.6848 12.62268271677353
GLOBALSTAR M090
1 38044U 11080E   26241.59654925 -.00000076  00000+0  15487-3 0  9990
2 38044  52.0114 105.0299 0000893  89.3348 288.4024 12.62268064678988
GLOBALSTAR M086
1 38045U 11080F   26241.01085771 -.00000078  00000+0  14211-3 0  9991
2 38045  51.9887 106.6217 0000836 172.6655 329.2533 12.62288734678856
GLOBALSTAR M097
1 39072U 13005A   26241.64553964 -.00000111  00000+0 -40109-4 0  9999
2 39072  52.0067  19.7189 0000865 102.5501 257.5462 12.62271419626180
GLOBALSTAR M093
1 39073U 13005B   26240.74793084 -.00000105  00000+0 -64159-5 0  9994
2 39073  52.0129  15.8283 0000987 112.6686 247.4285 12.62266810626026
GLOBALSTAR M094
1 39074U 13005C   26241.85641554 -.00000085  00000+0  10207-3 0  9991
2 39074  51.9960 286.5021 0000569 125.9930 234.0990 12.62264608627771
GLOBALSTAR M096
1 39075U 13005D   26241.63215051 -.00000096  00000+0  45983-4 0  9999
2 39075  52.0103 336.0406 0000809 107.1040 252.9915 12.62263962626667
GLOBALSTAR M078
1 39076U 13005E   26241.44726716 -.00000106  00000+0 -13007-4 0  9999
2 39076  51.9869  60.5128 0001663  75.6601 284.4450 12.62260307625265
GLOBALSTAR M095
1 39077U 13005F   26241.79059260 -.00000103  00000+0  19645-5 0  9992
2 39077  52.0078  57.1738 0001221  92.6744 267.4263 12.62264600625168
GLOBALSTAR M087
1 52888U 22064A   26241.88288667 -.00000110  00000+0 -36914-4 0  9993
2 52888  51.9978 198.0903 0000532  87.7567 272.3361 12.62262587200447
SAR-LUPE 2
1 31797U 07030A   26241.89270488  .00034873  00000+0  43201-3 0  9995
2 31797  98.1092 356.0972 0006974 176.5587 183.5717 15.59976536 68399
SAPPHIRE
1 39088U 13009C   26241.85009163  .00000080  00000+0  42960-4 0  9990
2 39088  98.4306  59.5771 0011859  34.9863 325.2100 14.35257405707149
PRAETORIAN SDA_602
1 65565U 25203A   26241.47779731  .00000046  00000+0  30519-4 0  9990
2 65565  81.3035 302.9313 0005941   9.0726 351.0537 13.83891341 48831
PRAETORIAN SDA_603
1 65566U 25203B   26241.43138819  .00000195  00000+0  16533-3 0  9997
2 65566  81.3040 302.8932 0009445   1.0527 359.0648 13.83965486 48831
PRAETORIAN SDA_604
1 65567U 25203C   26241.57105897  .00000094  00000+0  75554-4 0  9990
2 65567  81.3057 303.2924 0005579  14.6152 345.5164 13.83055336 48820
PRAETORIAN SDA_605
1 65568U 25203D   26241.59817272  .00000060  00000+0  43960-4 0  9999
2 65568  81.3022 302.8806 0008007   0.0798   0.0358 13.83204230 48840
PRAETORIAN SDA_606
1 65569U 25203E   26241.43867320  .00000052  00000+0  36316-4 0  9990
2 65569  81.3060 303.2835 0005979   7.2154 352.9087 13.83209974 48815
PRAETORIAN SDA_607
1 65570U 25203F   26241.62772013  .00000173  00000+0  14525-3 0  9998
2 65570  81.3042 302.6814 0008689   0.8408 359.2761 13.83762780 48862
PRAETORIAN SDA_608
1 65571U 25203G   26241.60824847  .00000077  00000+0  58649-4 0  9999
2 65571  81.3011 302.8438 0006020  11.8491 348.2806 13.83823425 48844
PRAETORIAN SDA_609
1 65572U 25203H   26241.23096786  .00000209  00000+0  17667-3 0  9993
2 65572  81.3050 303.1638 0006728   4.9929 355.1293 13.84215054 48805
PRAETORIAN SDA_610
1 65573U 25203J   26241.59968080  .00000062  00000+0  45541-4 0  9998
2 65573  81.3013 302.8365 0006696   9.7957 350.3328 13.83532685 48847
PRAETORIAN SDA_611
1 65574U 25203K   26241.61577244  .00000140  00000+0  11704-3 0  9990
2 65574  81.3011 303.0192 0005749  17.2253 342.9097 13.83313726 48830
PRAETORIAN SDA_612
1 65575U 25203L   26241.29698779  .00000028  00000+0  13932-4 0  9993
2 65575  81.3031 302.7201 0009057   1.1003 359.0173 13.85039853 48833
PRAETORIAN SDA_613
1 65576U 25203M   26241.57895929  .00000044  00000+0  29463-4 0  9995
2 65576  81.3005 303.1065 0005574   6.8846 353.2386 13.82771044 48828
PRAETORIAN SDA_614
1 65577U 25203N   26241.44448742  .00000073  00000+0  54610-4 0  9993
2 65577  81.3017 302.6792 0006939   1.8232 358.2949 13.84783581 48857
PRAETORIAN SDA_615
1 65578U 25203P   26241.58395094  .00000157  00000+0  12980-3 0  9996
2 65578  81.3025 302.5598 0008792 359.5225   0.5922 13.84441619 48866
PRAETORIAN SDA_616
1 65579U 25203Q   26241.47247650  .00000160  00000+0  13520-3 0  9994
2 65579  81.3068 303.3451 0005583  15.3957 344.7368 13.83273730 48813
PRAETORIAN SDA_617
1 65580U 25203R   26241.64499093  .00000060  00000+0  43802-4 0  9991
2 65580  81.3040 303.0098 0007201   1.4861 358.6315 13.83155750 48848
PRAETORIAN SDA_618
1 65581U 25203S   26241.41370603  .00000272  00000+0  23345-3 0  9996
2 65581  81.3024 302.6639 0009646   2.9904 357.1308 13.84228350 48840
PRAETORIAN SDA_619
1 65582U 25203T   26241.47605451  .00000191  00000+0  16212-3 0  9990
2 65582  81.3048 302.9780 0008002   0.8565 359.2604 13.83729963 49468
PRAETORIAN SDA_620
1 65583U 25203U   26241.24013887  .00000168  00000+0  14220-3 0  9993
2 65583  81.3036 303.2616 0007175   0.5951 359.5212 13.83210962 48791
PRAETORIAN SDA_621
1 65584U 25203V   26241.47668672  .00000036  00000+0  21477-4 0  9994
2 65584  81.3026 302.8956 0007074 356.1814   3.9287 13.83807639 48839
PRAETORIAN SDA_601
1 65585U 25203W   26241.26388730  .00000166  00000+0  14049-3 0  9996
2 65585  81.3048 303.4740 0005581  19.9308 340.2065 13.83173598 48780
VICTUS HAZE PUMA
1 69646U 26142A   26241.83201005  .00003579  00000+0  15981-3 0  9990
2 69646  97.3605 138.4927 0011492 190.7452 169.3541 15.21945215 10861
